407192370040803329
489836271049928704
553190393370923008
692472216135569409
524929796862918656
538412662858588160
764620072228970496
407197113286545409
701539698452393986
691564354567798784
692023417575448576
356297080169447425
500391222075076610
407161635439013888
407173794583695360
692840850141753347
514517470238240768
693204708933160960
516727880571572225
723477822950395904
517034091028676608
522684367647559681
528237933661544448
693204483501887488
692765809425408000
763428684850094080
407167928313081856
532007252677656576
501781217411215360
562387516964491265
554688527435563008
550038665653542913
658938136299511808
514150992552931328
525300042207612928
692747901815119872
500298752469770240
691380138710306816
767715524222578688
532928419051622400
509084603617792001
516435293235183617
693925198630821889
539833716852273152
536504515843727361
489816746405007360
436160836524965891
528976109518721024
544523550519218176
546028163134808064
500288349924782080
693032076543655936
652349108653551616
489794696013967360
527131140721623040
523863683928457216
500413818368184321
761355585724055553
693068611951300608
524941504796962816
531525016794697729
514483762566922240
365056836476481537
500378522788315137
532203605236154368
759653274605740032
693803472806760448
520284654755381249
767218194385866752
501774615837163521
535474861616148480
544514570367168512
533767270091087872
693629498177253376
687945926774800385
693537938425171968
538193964479045633
387220814531395584
531526274003771392
689100941119848449
510921017972514817
524181699043663872
514478918636535808
693533469922693120
562256876763901953
524970097711267841
686493272806576128
524178388282802176
724703995147751424
516705572373397504
407267881131732992
531833153145823233
539813330983354368
527286846347567104
747275598347837440
520132836594970625
528562608463704064
532276693931945984
693769968199061504
522782267215982592
689719109785907200
693806234026188801
450341615979069440
693643778033344512
524967711492014080
538218607822770176
524976106861236226
549599086073368576
544287209730236416
693056396250652672
553503184174710784
676970570160988160
691616143161819136
693676692309700609
687786822475366401
683731779342188545
521769631519092736
690680310061756416
766638613320859648
778299287293816832
688757736310484994
514106939173634048
693792605755285504
489812926828924928
693214543615561729
524976963862429697
693217698482933760
766452700049473536
767482587879051265
549998575330275330
372914976102834176
536738726693847041
661184793342775296
407164597511393280
525039784503541760
732971411157880832
504244627680272384
516539137646542848
514148279601606656
507454543169617920
693140568143220736
536835346932441088
407197672702214144
663744139666804736
516394449065496577
519348106836860929
516377014790782977
515538937058971648
516313006427602944
507918114567499776
500363740311982081
524958128392376320
524977992683237376
532297096356167680
536849906997415936
693485676881403905
500307001629745152
515918632178577408
554343513887105024
560474897013415936
553115236992290816
356407105953071107
407254590363426816
523535962962280448
525285199530455040
513779458340569088
692581635594694658
514468018970034176
366025766183514112
691006265137299456
692838349036326912
716424773216022530
536540403109879809
693673606279229440
489833932813516800
728625967921401856
521922785254580225
500286058664579072
742678930516123650
693594331735683072
690985215691354112
651486105628463105
538724882461097986
682548344690970624
767710245779103744
552706985087361025
511918957255991296
693411834808946688
522468118082633729
692190570140340229
501760566160289794
521788572933062657
689722724470620161
491591245152935936
518192429153783808
651786568592658433
514098833253748736
531543620856197121
568568737621630977
692127290998784001
489854703321509888
518870005677826050
524987184836005889
524949828711620608
553016500492439552
539254751343681536
436089462326849536
518924377791164420
693711272014155776
714560810266132480
568571403756294144
764505291853627392
358591089462099968
766299795833102336
716448280201269248
509152237503778816
692134721195786240
495305620342714369
532197572698320896
568589712644026368
351767344097398785
728207861050970112
723511860516016128
521098692326350848
544698560655400961
534543768653807618
521727831307722753
729647367457230850
688502260779843587
348203818741272576
523581212175392768
547525843749470208
525040767317082113
755475529294352385
693866093123915776
693121477491757056
519178213441167360
531161914689482752
534337548680978432
693239731031683072
715255507506892800
714555825122107392
724603564946010112
516361247223058432
691327238353129472
644321231618076673
707412869860696064
568580363339091968
531900034863091712
273278761909239808
692818857187213313
427944719612915712
687673284436082689
689833530197671936
536804445678755840
687956181646753792
516425769560866817
693492349142433792
550284252672450560
549927969032916993
505657661120348163
522443333831262208
532284428542681088
524962676665888769
407212665350942720
641665203046907904
531607884220485632
524593547807178753
767094580634202112
552661209204260864
489968646014246912
519867098945044480
523655026485366784
686422922894815233
531493734358061056
521663202183348224
693272659447119873
532246457609244672
652300118205427716
557885928417816576
531498841158082562
500284699546517505
542600886653292545
562313802369073153
555072815154475008
767845555313774593
692812029611089920
567765185407234049
692736398462300162
364589696573124609
514546272972574721
407279190913069056
727187859367546880
692290126282649601
538729383662338049
504830161993609216
524934138563133440
690915657106526208
364383457545162754
407269894938718208
616686132387028992
524685073979678721
521444489697583104
524191650420367360
686527768327274497
407264593027670016
693082547664883712
693509689418588160
691632933170450435
521770744855134208
692816955837804544
691809004356501505
552677176873455616
523123779124600833
427762638274437120
407192126032986112
387050178932654080
519704006826807296
687630364936957952
707405809181917184
766719302401613825
688096910217879554
517038566061658114
665498651742085124
693501482721681408
766989078294306816
387281927427727360
778530869208190976
533811170889568256
523545090099523584
499683602452717569
765863022506151937
510916464631889920
532275383430041600
525088864416043008
693670046497935361
407205235682050048
380055172896272384
514106273852174337
717081129627553792
688814621034213376
531206167302012929
526459255147491328
552568163431247873
693234925252775936
500327120770301952
524932056560963584
524950264303075328
525008463819464704
640118021101604864
693123067204243456
525032872647065600
701175292937707520
489794369487380480
80080680482123777
559787890402541568
529857740059860992
535484342785830912
553501357156876290
524937542131793920
552498516225179650
514081464171102208
525009850104037376
500377145349521411
726043971911213057
690174644071047168
537484793882361856
693631772639145984
523558773345255424
524993533212897281
684488313512800256
692063305297453060
554958414905094144
690920430287331328
580325090367315968
489872500462190593
525024518713397249
436195672677953536
707305999971921920
767580827513397252
688751183645782016
780436430732525569
674713782778654721
407209892013821952
524168442841010176
534409916560461825
633397936563560449
693116426824093696
531287426858487808
544567299102244864
653285570383335424
540333359793451008
523562674487975937
692745208421679104
524944881941495809
535315394127728641
551135925862805504
489872119158046720
693824042164436992
692497796956561408
761027420849745920
514057033419849728
693934062445187072
524206851450486785
691656866972209152
524923341359300608
767462297270968321
519935535083565056
765934198297362432
550003619303788545
716451800581279744
516475930097643520
701514249269542912
514555852351479808
523126268603031552
693549273468764160
692082337333534720
554597409351671808
524946179390701568
552146635707666433
537378640653475841
490080544949276672
714998347111669760
524991240270807042
516636338679197697
531606992788287489
528242965915779072
693560600471863296
496698590153416704
529434230938284032
689236842454106113
510908595144519680
500347114975944705
532281981795848192
692004901455556608
693686290408181760
692537942439501824
531565935128498176
760928376668454912
489798752358916096
509478961705807872
407182194206322689
548672230134382592
692746621218656258
514395350615203841
767515401831997440
519275971758026752
386682163862986752
551099691702956032
765141361033109504
767355611277168642
518620083342835712
539658034382123008
519965814175567872
387006700609228801
693554344298467328
524947149134774272
722885778448121857
534763214106820608
509464271118688257
697992796565741569
504500863944376321
503609826128044032
765887221736046592
489796088338341888
503610065769598976
692113839387709444
523123023646175233
525411618231169025
500389488217309184
521835345059389440
407182466613792768
544306719686656000
407187197427593217
530943279161155584
534445263528947712
527138218505175040
407262953533353984
689694470779097088
561952533942661120
521789009576476673
693102420688121856
693160939802214400
436157173161144321
516390549012480001
557621135320178688
521777301470871553
726086935903494144
516358319317852160
693921710383337472
687639526282498049
693629063932596224
560414522758799361
707420972173955072
536105045545472000
536547921542791170
504267796424163328
407217471473451008
407198615137181696
407248574099894272
528389559441444864
504652021601800193
525041127343550464
678733118648524800
517003426832453633
553550301886955520
692946556396244992
757748522481491968
407170443443859456
576513463738109954
724348906096590849
500308076004929537
707308274270539777
723365789378584578
715254040289021952
369506008172740608
767223774072676354
551942365901250560
387031585834278912
553548567420628992
536915851233202176
676586804242309121
407163499723624449
516321020815228929
499679379820412928
693821069879160832
570405783306944514
692105324111761408
514535408126795776
524976980799000578
509464217549021184
407159686786732032
521496155310796800
688281442162352128
524186749002473472
510507736287961088
501774251901198336
556541489388724224
727834854931435522
538129041539092480
701975210044497921
524972443308683264
532276370953752576
693136527816331264
519929168864497664
742050150307246080
516395112201736192
686421576904916992
693087256727388161
470025166760980483
507354546041925632
691064699853606913
693484841011060737
650975967146602496
544154048950435840
692046121250586624
767154835993063425
714811995573325828
553960736964476928
516411927506206721
690522824797196288
692376812022792196
524961721744900097
553271856786968576
407192027714322432
535252460148113409
550131732805328896
691889802724118532
693457310824468480
500319675797209088
500258409988763649
549964632883232768
510922415468449792
553505242554175489
766316494695305218
525301290218553344
510918747188514816
707310135291416576
553575232867672064
778949749156245504
742571519105077248
500278294055768064
524925033626738688
513437031020916738
534392174876839936
544328894812549121
543586319168196608
536558567206420480
524930365400821761
490136764619948032
524952094986350592
428366153149194240
763896522790440960
767668607803359234
531973383198887936
693139276708585472
693899062098137088
538408710084001793
521717368264093696
562090534945431552
519962130859429888
407233172380733441
551123464640536576
531300385248800768
765631087867367426
504453071041482753
517712193841037312
551120768164462592
555003887753494528
687734662249246724
534303066867367937
652982112870662144
767768054163996672
498280126254428160
524928119955013632
693481256735150082
490141776984825856
553474188259102720
524291188422356993
387010299536355328
687617735833026560
407189015582887936
724661834419048448
510916647373516800
489818014364086273
407232661107642368
741995157969592321
536826622725218304
519078654635409410
528312406498635777
691600834707247104
691380348379201536
553470492565602305
523939598691741696
528676615207653376
407229989902225408
514540926640087040
516423807394131968
692423131726749697
509473920060104704
766307327922335745
752875379765968897
688752484966363136
407188779255222273
693107789007339521
387236601450864641
693658242044542976
504243239084236800
500381163866062848
688147918113538049
407217865973329920
766808183696351233
407236151167025152
336873759271157760
523943647449198592
537913349338435584
732004388181434368
715253497462145024
524312881823637504
692332739824095234
757367391202471937
518827403452637184
509077805296914432
693236688538243074
692098463262216192
525077806401994754
552810448324943872
714531423273746432
407237676350185475
693122199536934912
535148463609356288
568452856224747520
693822949456007169
693512850539683842
407218583135997953
714755546285477888
706665777332621314
326137285450018817
691700082601758720
692780496590254081
497073936077959169
554886875303780352
766789709045518336
489865454312099840
552615631246622721
523098334421319680
547509900130021377
693729678306189313
692142338890661888
748558349139058688
655432919595548672
714851393861881857
686701278785843200
377519445578895360
566089610485579776
693083689098477568
501785003144273921
407262869152358400
744390771869102080
517850508380618752
756282236375277568
778681502825451520
723772395211862016
407162181059612672
576319832800555008
295152287901417472
531634492528939008
692364468442021889
537006518118273025
516856061182345216
692405195796529152
525134787778850818
760109079133990912
507263441359613953
553040930144792576
692745861978263552
507557659206516736
707332312724283392
489867900296368129
693855615618322432
523820806917603328
727179214546456577
407231591191035904
524965786059026432
517487705978966016
407211258304552960
538256153080127489
489841070818488320
692759090469212160
436074888638763008
689208632148365314
553461741917863936
508002575858561024
407206094747209728
537355288295518210
693091255685787648
553544252563935234
761381302260031489
553115168084074497
501768276523761666
524941041301225472
550175324634619904
510286132568150016
693487871806689280
407253554039386112
407179055763836928
742012307694223361
692491478619262976
366205297557110784
377002232257855488
519530210795216896
692453106622275585
544512910538838016
764449685897568256
91728807081426944
517416417164263424
563117355254161408
357299879070023680
727588444000526336
525024066152169473
489829414704648192
524950339074523137
535474881090322432
524928878075457536
653432177632387072
407198255793987584
764573523713011713
489800427152879616
537976883150077952
516420964834611201
551103664124100608
532851585408593920
690252631822864384
692692529779707904
549975297160802304
693355140284334081
531833233143783424
553579224402235393
514072132301910016
524926472432410625
547670441754914816
576829262927413248
558312304753016832
689103487880310785
524646141938647043
407158558158254081
728013148788154368
692566765822435328
687766167558164481
553008832784642048
689853056440221696
752965545528528898
693600369281253376
692336523090509824
503498696273965056
521772674155286528
376982539132366848
334722003057647616
520630231531802624
692031224227958789
538851683141304320
500278045597368320
532199717594497024
318263294098030593
563123548857053184
755523157700648960
504448356584677377
407167258452971520
767715489485205505
544457299667202048
553184482241814530
543436472842334209
767300637012951040
762775964224847872
506118402466152449
407205404075376640
501881262240694272
407234399093022720
706933939953344514
764753085675761664
748640007934590976
536962520477470720
693622130735484929
536827853669941248
542423103834296323
407290084593913856
716416753409081344
553061846081896449
692924229017309184
693098795022725120
519375764165509121
524586367456919552
524961908903149568
524757333608394752
764653644138450945
757450526153900032
534678919656775680
767330549262278658
755548076438196225
692748204064927745
778572032531427332
501474962935648256
556873675941896193
693492159635443714
693785810311778304
566999951449001984
427725166127226881
574004164570841088
540643709465812992
685633217160998912
356268980211687424
655815788675399680
547158281005719552
504387128013246465
427780584979836929
693662456393134080
693456340790804480
714598641827246081
427689948398231552
407191144880439298
524925600318754816
656361703664451585
543443188934250496
500281094239817728
514550436377137152
536991428694376448
692925163994796033
532239131540467712
531183173443801088
534205316620382208
524935769614331904
727116900983934976
489970164469751808
531531382611513344
531129816389779456
507257950868885504
730939370765754368
514098803347951616
774833492865593344
767170849472405508
352075672543428608
715515982584881152
521882110789824512
553264892799488000
522654603675176960
561280944045576192
693126696132804608
538930446814703616
538374385665449985
527162170531151872
689555819059351552
690926324903317504
445495350171013120
380140114552188928
545271117355958272
692881863644282880
553169307824177152
560207034545889281
519311120914722816
757190314880884736
544510450101415936
690676539323740161
538900739880665088
532106726539939841
692932696645865472
551082055883563008
370855596050108416
692528931459694592
688437279405305856
778625026144792577
522321383716818944
716092408920936448
693198912660885505
692734579141185536
514512849876836352
499366666300846081
551106923601219585
687632433483759616
531676808836833280
482880640560271361
688441130271289350
527947775905103872
348204426659508226
524929497205055488
547514662695469057
365276206381268995
692709993573789701
692287441168900097
688763099298529280
489974591985840128
693452449173086210
524935246647926784
553098571323437056
407275991610818560
436215971272212480
538010064591028224
529088963420909569
506656271517622272
407213772328022016
407185422523977728
531131094276382720
767463109778894848
514142113601437696
724624672604610562
525116411887513602
743058135300988932
749286768554438658
516414874348298240
532259028152246272
693465666259656705
693830499047989248
552112474913136641
531733274968989696
524979548195024898
524976526891417600
693125234317086720
516804849619705859
547587399728267264
547101266313089024
763430916236640256
574062768896212992
522534012544638976
435998882250899456
387030572779847680
689214940679409664
500319801344929795
427924694663454720
723644048867774464
690145844318834689
726190016435728385
692892472729415680
767520433247809536
520338188213444608
767737100347191297
519447199164665856
528240834660298753
571052823665704960
535579674152148992
500332933098385408
543319210659971073
693524179597955072
532602376398462976
521821037726797824
524948703850029056
436146437530075136
520244836084228096
685232704774787072
507261372313640961
552821069036670976
514451906211893248
767355933919997952
740791134146965504
500281131057811456
500303431928922113
387007120689737729
692688891174739968
524176293450223616
525711899359318016
742114513726623744
553549686129561600
489975398151618560
499456140044824576
489902412900343809
504441156575297536
407223928084766721
723521076446142465
693595814401327104
524144369235140608
427652211414274048
569908998717243392
651044059222556674
407253198395555840
715671763808493569
650710483289419776
519112613800972288
692056985513123840
504106473467944960
748543642323783681
692267960686284800
376874273601630208
522692223952228353
407213757048160256
693490132440129536
728038172270198787
692374052082708480
489874311143260160
531085761521528834
532206910796468224
504478567062056962
640182854928961536
489798752438583297
693443289370882049
533734824905670656
692842124841123842
568075025418317826
693802524579618816
684118654418419712
531568534066057217
553164985460068352
551097831851687938
551128385850601472
693523133920342016
692854695262445568
491241885399539712
