544324444773433348
676120162018451456
760120409429643266
692083780123783172
764368020391223296
780436430732525569
633961125126668288
733242244522725376
614610102927147008
693528374996652032
727834854931435522
614595181845839873
692014905239666688
553587672137334785
628681462976528384
724603564946010112
728625967921401856
663904307113275392
651044059222556674
693826104633737217
755523157700648960
766822417712963584
641666167992647681
651809229842608128
666070802924617728
524935485370929152
656202544331517952
637382230394822656
553590459688570880
714560810266132480
652349108653551616
627828211003469825
751536167183613952
767129248045948929
693935557009801218
524952883343925249
500378223977721856
640182854928961536
544512676643500033
692368829368918017
693466724822323200
612646796355960832
552834961762709505
648310692794109952
544391533240516608
662151653462790144
642432477185867776
693534670428971008
673346166822694914
728101712762834944
727172374999666688
614790312955904000
688755462783782912
524962142563610625
614604580601597953
692630756548591616
693315824132685824
693869818366287872
648993731169939456
731093044460683264
760928376668454912
645356735545364480
614599587362414592
681147789653356544
761999790892806144
673615263040798726
755447443009916929
675005503160901632
763964234774347776
693844030589902848
544520042810200064
693129259334909952
692925396292091905
633949800761700352
614617234942656512
658259426172891136
666107476526432256
692023855926374400
544329935943237632
715254040289021952
765887221736046592
668849913678209024
747275598347837440
614620298877513729
727116900983934976
661870323034431489
707310135291416576
728273551883534336
641972184412327937
716424773216022530
666190716448587776
767459987476054016
692393375891361794
623599854661541888
728627623488786433
693265096278163456
553221600955621376
553508098825261056
524969201102901248
614595106906226688
723915846985342976
650254360727973889
747443219487678464
693648675772436480
673686233936072704
673696115305406466
693119705469587456
693853310479155200
614494460747997184
707420972173955072
524931324763992064
672102358516670465
741995157969592321
649974380416618496
676367888543031296
658755852199927808
643225207705075716
675065047710892033
626898253900943360
620971220301787136
693141729529184256
707321278135463936
674314254732931072
544520273718812672
652992524504600576
691719802499432448
763896522790440960
692940257134653441
686657138270277634
674263945172119552
688446106943008768
767203096472719364
524995771587108864
767807335691653120
652882609219833856
669259395902152704
544278985249550337
693140340367187969
767710042816602112
667465205258051584
692702295281262593
671181758692507648
672902686380003328
711994705333112832
672906198434209792
614650850393391104
763520953619918848
652000523525091328
727187859367546880
628604055644934144
580348081100734464
553544694765215745
764497123530375169
622891631293935616
544282227035869184
767541796410839040
613362193787129860
650128194209730561
665379967757324288
693128224960856064
714851393861881857
756282236375277568
693857080193761285
767561970182598657
693586539562037248
663515735231062016
626901072209121282
692884886374318081
615494435074363392
723504069814444033
655815788675399680
688021039322894336
765739657908850688
673615400655970304
553587303172833280
544358564484378624
653250169752977408
552792913910833152
690376107825192960
665575674485211136
690580180805509121
707412869860696064
757190314880884736
693076140278153217
655812191233417216
626770498328895488
691285663522648065
732971411157880832
742050150307246080
544399927045283840
697992796565741569
725174535897620481
544290258951892992
614594259900080128
766752508312166402
604642913188872192
726043971911213057
707604196812591104
744390771869102080
647169726158925824
692498490249891842
613425834301485056
667073349974102017
752875379765968897
626546123713474560
651786568592658433
689860942671130624
780882510645370880
745365403237376000
766715993385267201
649584608560832513
634943791934406657
640118021101604864
616481759329427456
612438528803213312
614891047886434304
662430295254175744
544367462012432384
614604054552018944
553534838880608256
674080899055546368
544289941996326912
525060425184858112
715256242990505984
723477822950395904
674301413040758785
645362146415525888
641050980985999360
544278335455776769
714555825122107392
552832817089236992
613114185505996802
659462980476637184
693897857376632832
729647367457230850
692540218310803456
616311563071434753
693573781730783232
663722803489808384
672553813249826816
689938201193115648
701872343736520704
726190016435728385
665309822208729088
706933939953344514
759460236042305536
767698691205410816
692550140754841603
659439879701602304
731166399389962242
653285570383335424
498430783699554305
693196937172951040
724624672604610562
690680149164085248
673984270902427650
677099574855639044
524923676484177920
647168914955243520
637868242560638980
524965775036387329
693171092555431936
693906624776245249
692838430783332357
667379734343471104
614609560658161664
692820029159653377
687643002240679936
693071538896162816
620916279608651776
693061713042771968
604625816992002049
701175292937707520
672632863452299264
616765822095261700
544491151118860289
716439952922312704
693811101146963968
654351281260113920
732981604826677249
675064077367005184
525028734991343617
693546915892428800
614628136634949632
658065957823324160
693203974388895744
767754921403899906
552811386259386370
778681502825451520
757748522481491968
765779159176077312
672169954016403456
669613420665159680
682895395077373952
760109079133990912
693013768738115584
525068915068923904
614599815280857088
672632899921833984
742055437932040193
762793077509464064
633823543541768192
659428447459110912
714567472712589312
693827886021767169
544277117039837184
643103859729166337
656834590779289600
687984820815851521
691789524498845699
666497286663503872
715515982584881152
727982226290442240
730516765525082112
661229627734667264
544514564407427072
693086478667112448
615689290706595840
642145732435292160
673611867181473792
544269749405097984
544358533819420672
552793679082311680
544350567183556608
623533663947517952
524925987239120897
767859423150759936
668144671772778497
672180526946656256
692833140428017664
693059995013742592
626897206717624320
525025463648137216
717081129627553792
652300118205427716
689867195657101312
676491949524713473
544283772569788416
544391176137089024
689641419825242112
757450526153900032
652783670370115585
692078399012130816
673872171341447169
634665777400950784
765359928361922560
553543369604210689
693761289601060864
692157602554343424
693185853867294721
693281966846808064
653432261203750912
767861179951648768
614599619310407680
552802654641225728
691678576018657281
524942470472548352
524926235030589440
675490515748425728
524932935137628160
644329878876237824
730939370765754368
727179214546456577
749039299677417472
724320681517670400
614628865353351168
692929779696275456
692163879909064704
692071267189395457
693893182338289664
693651239486263296
650710483289419776
641443248909754368
666335363099660288
544350712365207552
689661418484994049
626516248206135296
553512735192141826
611039775856812032
673664899571060736
629209452793626624
716461257025581056
641191076716417025
666051332504207360
778949749156245504
673079581520318464
692890520960397312
692826642583019521
774833492865593344
544512108885725184
649889459836710912
552792544132997121
778572032531427332
688741019979001856
681199637387149313
724661834419048448
755548076438196225
553566026030272512
656811196218286080
692150118921957376
618449248179191808
728207861050970112
544305540286148609
544274934835707905
667487418388488192
681824512120324096
524936872666353664
763738618573623297
672219174463275008
612841482823729152
544511199702822913
656662726014599168
524943490887991296
544517264054423552
732004388181434368
693858804279201794
645711628046995462
743126914794037248
614593989203886080
693086218276474880
687748306571804672
675193315306905600
654336219447472128
623818627054206977
766808183696351233
553558982476828674
723198441690636288
618192748735299584
705092738224525312
765859710503378944
544504183341064192
766323684076322816
676870737932742656
778689027918618625
728013148788154368
693691456222052352
656523458139045889
649985459389661184
663744139666804736
544518335019229184
765735409984806912
553588178687655936
692082592380751874
552785375161499649
650046859537448960
725983128444129280
632377165477191680
525025279803424768
614638036593299456
544268732046913536
716448280201269248
614608936491188225
656818921979310081
712223438698627073
742012307694223361
727966590084485120
620835698514464768
761573188543229952
726442550266044416
701539698452393986
661120256732041216
767709416879644672
672828403016429568
552783667052167168
647193820812177408
580324027715063808
640644123339431936
660466342038867969
693060960001597440
665358434351509504
643139873264812032
647464349611589632
715268937873760256
705093513076015104
743058135300988932
640107106943766528
707305999971921920
614624331717545984
614671961801785344
620367840902782976
524975705206304769
553107921081749504
723365789378584578
723772395211862016
778625026144792577
628336948810268673
689890946683576322
693771953648373760
669201837187334144
524980744658382848
626739062792032256
714598641827246081
614601139422633984
640967537178472448
656830586577883136
692082861525078017
724348906096590849
525019752507658240
693402634011701248
688751061503442944
690042063958732800
658786161733734400
663385747177775105
524925050739490816
613294443878305796
604354747357859842
656848877463560192
594687353937100801
765612862681255936
614645853291155457
650975967146602496
742678930516123650
726086935903494144
692516224245235712
745236050407194624
553476490315431937
553586897168392192
748543642323783681
525058976376193024
631388553801564160
689267711856263168
656880145769197568
544289409294553088
525023025792835585
613016993692798977
616421546702336000
692753210692476928
778530869208190976
654343805081157633
687409983139495939
614615157730357248
618805892222468096
552805488631758849
725070832494624769
553531413459660800
692874200927698945
674229534888185856
688752927381581824
693648684857323521
674187250792558592
544374511194632192
757367391202471937
614610920782888960
674014933235859456
692758581494599681
692758050378256388
714598318333042688
658938136299511808
681767380305985536
674301960787505153
662381914842603520
628045645010608128
663925546812837888
749286768554438658
767814876433571840
674364257799004160
707786906189303808
715253497462145024
641088973717110784
656955120626880512
552791196247269378
692803280238419971
707332312724283392
656629493377990656
692623941131722752
707405809181917184
614616994499788800
663817239896821760
682996350909157376
524959809402331137
657007736467525632
767092161716350980
641082932740947972
