407292452060815360
524191650420367360
524646141938647043
693116426824093696
407192126032986112
489798219283857408
633397936563560449
427689948398231552
765887221736046592
676970570160988160
693629498177253376
489802446001434625
525032872647065600
509473920060104704
551159366876147714
766452700049473536
532259028152246272
693523133920342016
711994705333112832
652300118205427716
521769631519092736
742114513726623744
535579674152148992
693032076543655936
693236688538243074
765735409984806912
407262953533353984
387237225286479872
514495841600811009
407253554039386112
549124560793374720
568589712644026368
531525016794697729
521496155310796800
531206167302012929
693696168908423168
544512910538838016
683731779342188545
693485676881403905
715255507506892800
377519445578895360
553228463998783488
690174644071047168
358591089462099968
531183173443801088
531607884220485632
507257950868885504
538166788484509696
553548567420628992
544333764814323713
552816020403269632
693853982293254144
707300612862566400
539254751343681536
724348906096590849
536504515843727361
516861311725342722
691380348379201536
693769968199061504
514100169307348992
727172374999666688
506784541696991232
489833932813516800
535282587325833216
524983325275197440
693673606279229440
692922211338981377
524186749002473472
693676692309700609
387006700609228801
524958128392376320
522654603675176960
516361247223058432
693866093123915776
692924229017309184
691327238353129472
539799806039052288
356407105953071107
524929497205055488
693501482721681408
554958414905094144
554886875303780352
407229989902225408
767170849472405508
525408908484280321
524976963862429697
693068611951300608
80084555733803009
743058135300988932
730939370765754368
532602376398462976
336873759271157760
552677176873455616
407163499723624449
516395112201736192
532206910796468224
524294016435634178
552568163431247873
692063305297453060
538900739880665088
692736398462300162
687734662249246724
436089462326849536
693126696132804608
524935246647926784
427831952826449920
523655026485366784
521727831307722753
552848620375261184
693484841011060737
751856580874960897
692364468442021889
767462297270968321
764753085675761664
689208632148365314
688437279405305856
755447443009916929
693792605755285504
693344498953383936
707405809181917184
687630364936957952
501827465032237056
691410231549530112
501781217411215360
689694470779097088
574062768896212992
693492349142433792
693662456393134080
692134022839955456
537976883150077952
509084603617792001
510916464631889920
665317131597291520
525024066152169473
407233172380733441
715268937873760256
523820806917603328
500319675797209088
427944719612915712
387009577763360768
690676539323740161
407164247768977409
524979548195024898
729647367457230850
516414874348298240
407161635439013888
500284699546517505
525134787778850818
707786906189303808
522321383716818944
723521076446142465
348204426659508226
524950507023245313
407182466613792768
529747368087126019
693456387880402944
728101712762834944
91728807081426944
559787890402541568
524178388282802176
504450741126582275
505611045897924608
524961908903149568
553099685888790528
714755546285477888
537006518118273025
693912520923295745
489796088338341888
372901260183494656
684878165714563072
767154835993063425
722885778448121857
524699123971534848
766358933296517121
348209998565879810
727588444000526336
764368020391223296
531300385248800768
728631482722308096
767737100347191297
690567125128351744
516705572373397504
489968646014246912
691027026552229888
693600369281253376
524991067675189250
524211911668543488
682548344690970624
524972443308683264
687674548712505346
491591245152935936
549975297160802304
688757736310484994
518192429153783808
356437941641416705
723772395211862016
528676615207653376
580320684305416192
489902412900343809
692004901455556608
524181699043663872
527947775905103872
524946179390701568
528822281972498432
351767344097398785
553008832784642048
491200302365040640
524950339074523137
692376812022792196
516545908813475841
496698590153416704
766316494695305218
372914976102834176
767355611277168642
552821069036670976
523123023646175233
678277910537588737
520299904934371328
524923293711998976
538930446814703616
547101266313089024
524981436252950528
724703995147751424
547803254516490240
365497016098369536
489841070818488320
489794369487380480
499366666300846081
688281442162352128
537913349338435584
517850508380618752
707308274270539777
513779458340569088
500332933098385408
692818857187213313
766299560415223808
524947149134774272
535474881090322432
552112474913136641
693082547664883712
655432919595548672
727179214546456577
516420964834611201
500389488217309184
692113799546048513
693355140284334081
763430916236640256
560133068670140417
542860306603868160
377002232257855488
767515401831997440
407170443443859456
765141361033109504
690137637810761728
504106473467944960
693573042111270912
715254040289021952
692047663211085825
742050150307246080
741995157969592321
521663202183348224
707321278135463936
513015596879867904
519078654635409410
407262869152358400
691976624665919488
519704006826807296
551135925862805504
693821069879160832
562090534945431552
295944137948151809
560474897013415936
518924377791164420
761355585724055553
537484793882361856
265953285247209472
688814621034213376
557885928417816576
650952376954650629
519962130859429888
549927969032916993
701514249269542912
516804849619705859
525077806401994754
366025766183514112
693537938425171968
692764799315398656
524934138563133440
688110059553861634
524881688825167872
509114008587100160
532275383430041600
535484342785830912
692127290998784001
532208816692416512
357300409292959744
407174474207731712
691564354567798784
319166636902998016
504244627680272384
693824042164436992
528495998537334785
651809229842608128
539833716852273152
699252269414354944
524263570985340928
692451275930234880
691064699853606913
692463948076093440
536915851233202176
691206970074738688
764158239089029120
538412662858588160
520132836594970625
527162170531151872
552615631246622721
514555852351479808
560207034545889281
693554007785234432
553550301886955520
766719302401613825
693234925252775936
516423807394131968
693670046497935361
693509689418588160
767360696761905153
356310469390245888
717081129627553792
547670441754914816
727982226290442240
515519742355185664
692405195796529152
407182194206322689
524941041301225472
509463916586762241
692423131726749697
427652211414274048
501774615837163521
524935769614331904
544328894812549121
767710245779103744
551082055883563008
534763214106820608
514106939173634048
693071700200722433
500371149713178625
522782267215982592
538256153080127489
766789709045518336
724624672604610562
692759090469212160
500281094239817728
706665777332621314
537355288295518210
387236601450864641
489796998615547904
549599086073368576
531606992788287489
550279538278543360
716416753409081344
528312406498635777
538847758032310272
513749585391390720
714503380476026880
550095745161134080
687673284436082689
553501357156876290
689719109785907200
538975342011363328
748640007934590976
692031514943582208
693595814401327104
523581212175392768
687766167558164481
500327106824245249
489874311143260160
510931521306243072
521098692326350848
726190016435728385
670380354822348801
682629960826224646
556873675941896193
693465666259656705
524987184836005889
518620083342835712
540643709465812992
693102023764492288
688441130271289350
500377145349521411
509152237503778816
553544252563935234
365056836476481537
538760398003253248
693456340790804480
528357165677817856
514540926640087040
532203605236154368
547158281005719552
693643778033344512
692391757775028228
692748204064927745
524988712367955970
686527768327274497
489820657291911168
693934062445187072
407173794583695360
692881863644282880
380055172896272384
691351064868732928
525008463819464704
650975967146602496
652982112870662144
724320681517670400
540333359793451008
514478918636535808
693804630615166977
690431187916099584
436157173161144321
509463933564891137
548672230134382592
504453071041482753
515918632178577408
500327120770301952
348203818741272576
489836441120145408
553212962044149761
524929106987991040
687911282922631168
370855596050108416
407209222850756608
766307327922335745
552706985087361025
676586804242309121
553190393370923008
692688891174739968
689722724470620161
691791477912014850
532851585408593920
500286058664579072
538724882461097986
519131101798100992
407290084593913856
521789009576476673
693718533239365633
517003426832453633
692336523090509824
514098803347951616
521790189715615744
504267796424163328
692780496590254081
688147918113538049
532284428542681088
555072815154475008
521717368264093696
572002458647412736
689214940679409664
509464271118688257
503498696273965056
559863517151784960
407234399093022720
780882510645370880
518981379963777025
745365403237376000
705092738224525312
435998882250899456
755475529294352385
688751183645782016
523123779124600833
524925600318754816
576513463738109954
387353560356118528
524928119955013632
742055437932040193
518866406512025602
524312881823637504
547509900130021377
508002575858561024
536962520477470720
691380138710306816
369506008172740608
520630231531802624
688763993633107968
693618217667928068
513437031020916738
500270780832174080
489872500462190593
760928376668454912
752965545528528898
727854332188577792
690920430287331328
674713782778654721
693554344298467328
514546272972574721
714555825122107392
562256876763901953
514057033419849728
514201362729828352
407169885345943552
519275971758026752
525411618231169025
376874273601630208
560442390805090307
436146437530075136
767823175480647681
407231591191035904
500281131057811456
767580827513397252
516377014790782977
336913656921083904
549998575330275330
547587399728267264
730516765525082112
499530130487017472
707310135291416576
723644048867774464
519929168864497664
692842124841123842
519375764165509121
80080680482123777
553549686129561600
727834854931435522
516435293235183617
535474861616148480
407198615137181696
407159686786732032
767520433247809536
532255606623989760
692440373449396224
539052152602107904
523863683928457216
517051126466625536
524958992330522624
519867098945044480
688461902821855232
532007252677656576
714560810266132480
504448356584677377
758825535480864769
731166399389962242
455525437351800832
553164985460068352
553470492565602305
509464217549021184
692105324111761408
568905632998412288
531733274968989696
733242244522725376
692497796956561408
693079616072880128
523558773345255424
532281981795848192
692745861978263552
641665203046907904
527131140721623040
509077805296914432
693594331735683072
685633217160998912
780436430732525569
561952533942661120
511330322831507456
767668607803359234
692267960686284800
514039286845698048
497073936077959169
525040836757958657
522553662996901888
516390549012480001
767355933919997952
691632933170450435
516371936604352513
652349108653551616
653432177632387072
536826622725218304
552810448324943872
766299795833102336
427762638274437120
516978780171436032
526757033186697216
740748123581087745
524924619812511746
524993533212897281
407187197427593217
514098833253748736
510286132568150016
554688527435563008
556541489388724224
534303066867367937
515717938025078784
524965786059026432
542320823915536384
528607634099015680
535507913226190849
716451800581279744
693284114724700160
553103772852191233
689922870689009664
693459931022913536
538374385665449985
387031585834278912
510906049549705216
553136604882014208
551097831851687938
552661209204260864
763428684850094080
686422922894815233
387050178932654080
707305999971921920
536547921542791170
519178213441167360
693056396250652672
501768276523761666
516539137646542848
693622130735484929
531287426858487808
528237933661544448
761381302260031489
560414522758799361
726442550266044416
527272948680622080
514062859987595264
693631772639145984
500278294055768064
778530869208190976
551106793959862272
560187970389819392
295152287901417472
650254360727973889
524970097711267841
524977992683237376
524757333608394752
693899062098137088
767715524222578688
716461257025581056
524976980799000578
524952094986350592
524930365400821761
490080544949276672
524970851675176960
693916809125351425
407179055763836928
693492159635443714
521772674155286528
693534177694609409
427662266993889280
692727606718824448
529088963420909569
693533469922693120
531659884430106624
517038566061658114
692746621218656258
567596847330373632
500295393301647360
528242965915779072
552457656666185728
510921017972514817
525033697045925888
549920761423863808
499612545909415938
407164597511393280
692840850141753347
714851393861881857
407248574099894272
489970164469751808
693560600471863296
675434959939756032
504131654810877952
707420972173955072
525327108520673281
514420223873941504
693131575261659137
775672628493357057
387041762331471872
692745208421679104
690670464440504320
536827853669941248
553503184174710784
500290456845299714
489794593580650497
693443289370882049
690915657106526208
530017051025604609
495366618818830336
500294803402137600
539658034382123008
525040767317082113
511918957255991296
534337548680978432
767068504277344260
765631087867367426
701175292937707520
760109079133990912
728273551883534336
690296550803636224
532199717594497024
407158558158254081
693785810311778304
501474962935648256
517053056211357696
544514570367168512
407167258452971520
538137715293061120
500307001629745152
778689027918618625
445495350171013120
553579224402235393
524959836778536961
407197113286545409
621025025806577664
531676808836833280
387021726007042051
693122701569974273
528562608463704064
516345893139001346
407211258304552960
273182568298450945
692932696645865472
514150992552931328
535257207991205888
501760566160289794
693083689098477568
536991428694376448
516682897864916992
436157398269849602
407205009676587009
407206094747209728
407169699559247872
407169212428206080
532246457609244672
693795905049329664
568452856224747520
692332739824095234
716439952922312704
510908595144519680
427780584979836929
514517470238240768
685473149291479040
531193369465470976
651858133304782848
524317344730869760
489865454312099840
568075025418317826
724661834419048448
538861627018579968
693830499047989248
514109888138842113
525041127343550464
522468118082633729
767094580634202112
524289058290159616
551117430345711616
525291306000846848
692098463262216192
544510450101415936
689650617464311813
357299879070023680
407232661107642368
407189015582887936
489800427152879616
716448280201269248
407213757048160256
318263294098030593
536558567206420480
507263441359613953
531634492528939008
778299287293816832
531161914689482752
693216311502073856
372489152903643136
521882110789824512
516358319317852160
407176055657484289
436001434212249600
693524179597955072
692747901815119872
655812191233417216
767444114229059584
519965814175567872
757190314880884736
501785003144273921
558312304753016832
499456140044824576
522453569702989824
538193964479045633
766638613320859648
570405783306944514
524991240270807042
745236050407194624
693803472806760448
689853056440221696
528976109518721024
688932211714818048
500347114975944705
764573523713011713
693240976970752004
500363126294863876
550284252672450560
326137285450018817
514067907475959808
568568737621630977
690522824797196288
489836271049928704
522534012544638976
505369323922522113
514468018970034176
386682163862986752
757748522481491968
519868410599993344
551099691702956032
692692529779707904
542600886653292545
640182854928961536
553576010898497536
761027420849745920
693239731031683072
553016500492439552
524593547807178753
517416417164263424
524998384357486592
651786568592658433
693490132440129536
728207861050970112
524951893467234304
687945926774800385
523026678419714048
504500863944376321
524962676665888769
499368931367608320
520244836084228096
764653644138450945
665302351742275584
489887806018183168
407192027714322432
519112613800972288
407170170533064705
692765809425408000
726086935903494144
538729383662338049
693658242044542976
514308277803294721
692707593991643136
701975210044497921
509031495101874176
500298752469770240
687956181646753792
693204483501887488
504131150429061121
407217865973329920
536804445678755840
553186555150749696
693921710383337472
531900034863091712
531531382611513344
519447199164665856
407191058108256257
524948703850029056
692374052082708480
692472216135569409
532928419051622400
519311120914722816
551103664124100608
532276693931945984
553505242554175489
553061846081896449
553474188259102720
538851683141304320
504304227246538752
689798164287741953
356297080169447425
531648145613398016
554722567224049664
407193347279699968
498280126254428160
557621135320178688
500354773133299713
525043936331857923
407192370040803329
500341884678836224
501881262240694272
748543642323783681
692581635594694658
524320261667950592
727966590084485120
535148463609356288
544567299102244864
655815788675399680
535315394127728641
693136527816331264
495583434954514432
407244865018155008
525039784503541760
693802524579618816
693121477491757056
524923341359300608
531565935128498176
525024181218725888
693118410444636161
521835345059389440
523562674487975937
525301290218553344
778572032531427332
755523157700648960
643807909856415744
500363740311982081
507454543169617920
693123067204243456
523126268603031552
504830161993609216
767300637012951040
767482587879051265
723477822950395904
519530210795216896
742571519105077248
692453106622275585
689549346875031552
539115704285270017
500394061887709184
504387128013246465
693822949456007169
516729950091493376
534364937939062784
690680310061756416
555003887753494528
407267881131732992
715515982584881152
544939287222165506
543586319168196608
692735354240114688
693605375803813889
690145844318834689
524144369235140608
692024256520179712
524185876931162112
561280944045576192
504243239084236800
524227209976745984
778681502825451520
366205297557110784
554979642210549760
524928878075457536
507242819623587841
763738618573623297
690954487322796032
499683602452717569
524925730053181440
525029684095221760
701539698452393986
553538058440941568
747443219487678464
535252460148113409
684488313512800256
764473554431725568
514072132301910016
723365789378584578
407209131351629824
407258075502899200
689833530197671936
489975398151618560
544287209730236416
489798752358916096
715671763808493569
407177474788057088
728038172270198787
387233034350514176
526459255147491328
689799953330368513
727623131494387714
524967711492014080
744390771869102080
767223774072676354
522684367647559681
693162950358622208
692792765852286977
365052155385749505
692031224227958789
521821037726797824
489829414704648192
553115168084074497
407163869673443328
531543620856197121
524168442841010176
692023417575448576
407231740764508161
531568534066057217
525116411887513602
538346377794031618
554655549896159233
692742353736568833
515598200796090369
524937542131793920
536105045545472000
692287441168900097
501934077612941312
521770744855134208
500288349924782080
523555724807262208
687617323235147776
560163341524807680
554343513887105024
522815405451407360
516434071631974400
514483762566922240
516386101766782976
387007120689737729
507557659206516736
514395350615203841
760120409429643266
693452449173086210
506118402466152449
523888836456108032
380140114552188928
543436472842334209
525305690257379328
732004388181434368
553467311261503488
551575491430211584
678733118648524800
499679379820412928
523545090099523584
688763099298529280
570341828479725570
550131732805328896
514142113601437696
765863022506151937
503610065769598976
693140568143220736
514429381737852929
407217471473451008
518665533089406976
524176293450223616
500377906305327104
531108688749404160
691986377584549888
727187859367546880
689103487880310785
509466295344304129
693139276708585472
692510002586714113
531973383198887936
658755852199927808
407162181059612672
538218607822770176
693204708933160960
692709993573789701
553960736964476928
