614599619310407680
674244561519161344
778681502825451520
765779159176077312
727966590084485120
714555825122107392
638047610973089793
755548076438196225
642465192408940544
766822417712963584
715254040289021952
544289311504355328
693402634011701248
544512108885725184
552783667052167168
728631482722308096
715264793737879553
674080899055546368
707786906189303808
689915847939219456
707405809181917184
692368829368918017
766715993385267201
701514249269542912
667379734343471104
614618682543616000
613393657161510913
604642913188872192
544274934835707905
742012307694223361
724624672604610562
641443248909754368
756690088533393409
693648675772436480
693857551620968448
649985459389661184
553535829017370625
707321278135463936
614593386188828672
692884886374318081
689661418484994049
656870311057575936
614610102927147008
666810213274689537
525019752507658240
665379967757324288
672180526946656256
691285663522648065
612741808125120513
658755852199927808
748640007934590976
544382892378714113
656848877463560192
614671961801785344
649889459836710912
766541461189832704
682996350909157376
688446106943008768
742571519105077248
712223438698627073
759460236042305536
629209452793626624
524962142563610625
553221600955621376
692845716826300418
661222523275636736
733242244522725376
668872645589471232
723198441690636288
693441093048766464
614626710248534016
692410832307818497
693939356390653952
656047932093763584
675490515748425728
613425834301485056
661120256732041216
692157602554343424
544381485591982083
715671763808493569
724939017410727938
614609560658161664
653432261203750912
524975705206304769
778625026144792577
656830586577883136
714998347111669760
763430916236640256
553107921081749504
758825535480864769
626546123713474560
693571567377342466
693321561542127616
614593989203886080
760928376668454912
641666167992647681
674358835675549696
623533663947517952
553506608203169792
524925215235911680
766808183696351233
732971411157880832
778572032531427332
686666933949837312
620367840902782976
643103859729166337
687274510643511296
693844030589902848
544283772569788416
703234354579898368
614617234942656512
693086478667112448
740791134146965504
553590835850514433
552793679082311680
728625967921401856
637873886072320001
666640008149925893
641050980985999360
658259426172891136
766752508312166402
656523458139045889
636925368927064064
651018580989972480
672902686380003328
693586539562037248
707300612862566400
693476774462820352
693060960001597440
524935485370929152
689867195657101312
681199637387149313
524941132237910016
764497123530375169
672906198434209792
667465205258051584
667487418388488192
693146363685642240
676955015265837056
673686233936072704
688752927381581824
662430295254175744
655080266784968705
715268937873760256
662151653462790144
524923676484177920
732004388181434368
731166399389962242
723511860516016128
614638036593299456
525060425184858112
525056576038518785
767092161716350980
673615400655970304
553534838880608256
693281966846808064
612646796355960832
524969201102901248
626897206717624320
693691456222052352
714851393861881857
640182854928961536
693843042546106369
692753210692476928
691995324752252930
667534186450825216
661102820976930816
692516224245235712
615840865815298048
724661834419048448
749039299677417472
693076140278153217
714531423273746432
664000310856310784
525058976376193024
614702244001382400
626898253900943360
553476490315431937
693185853867294721
654371696195993600
692023855926374400
752965545528528898
653432177632387072
693171092555431936
701975210044497921
620916279608651776
692797856386777089
716461257025581056
724348906096590849
553544694765215745
763896522790440960
741995157969592321
553531413459660800
614594259900080128
686657138270277634
674301960787505153
717081129627553792
723644048867774464
652982112870662144
676718762830221312
692820029159653377
633949800761700352
544517264054423552
727623131494387714
669201837187334144
764931593303646208
692743102432346113
748558349139058688
763428684850094080
682895395077373952
723504069814444033
674015148382666752
714567472712589312
623599854661541888
635632641635667968
553588178687655936
673079581520318464
544380742076088320
524944399890124801
544329935943237632
613194145423826944
525049639016615937
674263945172119552
715256242990505984
701539698452393986
673611867181473792
672539897899577344
656629493377990656
553566026030272512
707412869860696064
614605997953404929
675043569367982081
655986243042459648
693606934050684928
676586804242309121
689860942671130624
614628136634949632
693804277031157761
640107106943766528
692014905239666688
693648684857323521
755439197125767169
743058135300988932
693087220459270144
751856580874960897
760120409429643266
767803368081358848
693471161313816576
612438528803213312
701175292937707520
756282236375277568
614595181845839873
693555965019492352
742055437932040193
690680149164085248
669613420665159680
633823543541768192
553590459688570880
673615263040798726
656834590779289600
640967537178472448
693761289601060864
767855091109863424
693141729529184256
626739062792032256
525028734991343617
693128224960856064
767709416879644672
693080409282846720
651959206287908868
692071267189395457
642432477185867776
654336219447472128
626770498328895488
628604055644934144
544391533240516608
652300118205427716
688819658057740290
665364878287224834
723477822950395904
674229534888185856
525068915068923904
693041285087756288
524936872666353664
634665777400950784
693315824132685824
693167683701968896
614594667225571328
775672628493357057
711994705333112832
693203974388895744
672169954016403456
618449248179191808
688741019979001856
655432919595548672
693811101146963968
544350712365207552
544282005941530624
656825206045020160
648993731169939456
693119705469587456
627828211003469825
665361505303584774
728013148788154368
693869818366287872
553543369604210689
661299012386095105
642145732435292160
693135382309896192
689267711856263168
613016993692798977
778949749156245504
697992796565741569
774833492865593344
644229386149888001
553586897168392192
693466724822323200
553589051044151296
622858454949040128
674364257799004160
614604054552018944
552792913910833152
615494435074363392
628319096606732290
544277117039837184
524995771587108864
672102358516670465
620971220301787136
676067381299576832
688004802245214208
688021039322894336
626642648179159040
552791196247269378
707420972173955072
757367391202471937
693827886021767169
693086218276474880
553587013409325058
614594195479752704
693573781730783232
747443219487678464
673872171341447169
761573188543229952
638050997340893184
681767380305985536
692498490249891842
553508098825261056
691608761128067072
693140340367187969
693456187036037123
693129259334909952
658938136299511808
692082592380751874
544514564407427072
649903655160815616
767459987476054016
525025463648137216
614599587362414592
614790312955904000
580348081100734464
692630756548591616
714598318333042688
655815788675399680
652349108653551616
757748522481491968
553160652567498752
672553813249826816
691678576018657281
766568413418356736
692082861525078017
692752491482615808
706665777332621314
647193820812177408
693857080193761285
544512676643500033
692701223326056449
674187250792558592
524922729485848576
620835698514464768
647169573599449088
657007736467525632
723772395211862016
673581371458199552
618804516578680832
716424773216022530
663515735231062016
693826104633737217
687643002240679936
723915846985342976
544271362022338560
544271284796784640
524943490887991296
650254360727973889
666335363099660288
693935557009801218
724044187113512960
716439952922312704
667073349974102017
676120162018451456
693771953648373760
675005503160901632
763738618573623297
524959809402331137
619242759359037440
524923462398513152
692393375891361794
500378223977721856
755523157700648960
663385747177775105
672432930426372096
615689290706595840
659462980476637184
544358564484378624
544314234541469696
716448280201269248
690042063958732800
663817239896821760
724703995147751424
552785375161499649
690376107825192960
691632238035886081
666051332504207360
707604196812591104
660466342038867969
714811995573325828
552802654641225728
693534670428971008
673346166822694914
760109079133990912
693651239486263296
544374511194632192
764906140257837056
677099574855639044
716092408920936448
707305999971921920
693265096278163456
649584608560832513
544278335455776769
745365403237376000
524932935137628160
651486105628463105
668849913678209024
765359928361922560
544520273718812672
544324444773433348
715253497462145024
681147789653356544
616481759329427456
524966904885428226
544291804057960448
728627623488786433
544268732046913536
651402689352351744
742678930516123650
725983128444129280
779633844680962048
614054616154550273
767698691205410816
650710483289419776
755447443009916929
604354747357859842
693071538896162816
613294443878305796
544504183341064192
666633171325353989
524942470472548352
626901072209121282
656818921979310081
767541796410839040
663722803489808384
648894687542034432
656595123590012928
778530869208190976
714755546285477888
726190016435728385
656202544331517952
716451800581279744
544282227035869184
544511199702822913
673664899571060736
614616994499788800
614607711368519680
650975967146602496
714598641827246081
724320681517670400
628681462976528384
767859423150759936
687537772970684417
672424512516964352
614494460747997184
631388553801564160
714503380476026880
614601139422633984
614628865353351168
666070802924617728
693181857261719553
723521076446142465
544290258951892992
767807335691653120
693528374996652032
692796451987034113
648310692794109952
673696115305406466
614467824313106432
672488384695279616
618192748735299584
690969315470868480
674301413040758785
692890520960397312
614614133410033664
749286768554438658
716416753409081344
743764020679741440
692665281362202624
740748123581087745
524947674164760577
544278985249550337
743126914794037248
544513524438155264
641430951403343872
691719802499432448
672632863452299264
544518335019229184
614599815280857088
645362146415525888
614494170590367744
682999206290829312
764368020391223296
661870323034431489
693200309955469312
544520042810200064
647464349611589632
544512664769396736
727588444000526336
544305540286148609
687984820815851521
642027433693171712
690106189951139840
693466451081060353
661251968078221312
552792544132997121
651786568592658433
552834961762709505
629503919098429440
762793077509464064
688366079396163584
663744139666804736
755475529294352385
672632899921833984
641088973717110784
665358434351509504
643139873264812032
613404935003217920
778689027918618625
690650123358093312
640644123339431936
715255507506892800
729647367457230850
658786161733734400
613362193787129860
641972184412327937
692083780123783172
714577521992343552
613061089518034944
688428083540553728
731093044460683264
544319274072817664
611039775856812032
681824512120324096
553512735192141826
672433211604013057
689890946683576322
544291965513134080
