514395350615203841
519965814175567872
377519445578895360
692927739066740741
524928878075457536
532007252677656576
692113799546048513
525291306000846848
500363126294863876
693234925252775936
692566765822435328
514517470238240768
553501357156876290
551135925862805504
536849906997415936
693802524579618816
523566838958284801
692537942439501824
503714147138166784
549964632883232768
732971411157880832
524981436252950528
524970097711267841
691064699853606913
767300637012951040
550131732805328896
545271117355958272
559863517151784960
507557659206516736
524958128392376320
528341588867416064
428366153149194240
547670441754914816
387236601450864641
407164247768977409
677950378785271808
742114513726623744
690431187916099584
693214543615561729
500279160795721728
543319210659971073
499612545909415938
690296550803636224
552112474913136641
527286846347567104
553271856786968576
523888836456108032
537378640653475841
524932056560963584
516727880571572225
524972443308683264
687631811560763392
723511860516016128
514546272972574721
517712193841037312
525408908484280321
524970851675176960
693408117225299968
692881863644282880
510918747188514816
724603564946010112
91728807081426944
436074888638763008
524940659778920448
525134787778850818
690676539323740161
684488313512800256
531973383198887936
764620072228970496
514067907475959808
524949828711620608
524993533212897281
516414874348298240
692024256520179712
692735354240114688
693537938425171968
728038172270198787
528389559441444864
778689027918618625
691006265137299456
524925033626738688
513922322915282945
525043936331857923
690680310061756416
531833153145823233
407205235682050048
761675705956655109
507454543169617920
525327108520673281
751856580874960897
524935769614331904
407229989902225408
489867900296368129
518924377791164420
716439952922312704
521496155310796800
527295015643394048
525411618231169025
692453106622275585
500295393301647360
691632933170450435
693123067204243456
504433135036407808
693600369281253376
525029684095221760
524291188422356993
407163499723624449
521533372280369152
522443333831262208
682629960826224646
651486105628463105
693594331735683072
693485676881403905
693102023764492288
699252269414354944
692056985513123840
763524712853102596
767463109778894848
692946556396244992
703234354579898368
693853982293254144
407237676350185475
644321231618076673
563123548857053184
767768054163996672
427652211414274048
692838349036326912
693239731031683072
688096910217879554
500303431928922113
560873850846846978
525088864416043008
693083689098477568
407211258304552960
532276693931945984
556873675941896193
407169885345943552
755447443009916929
524950264303075328
549599086073368576
643807909856415744
552661209204260864
524933380929245184
743058135300988932
500280422295937024
427725166127226881
725983128444129280
525305690257379328
728273551883534336
524685073979678721
778530869208190976
523820806917603328
525005886272843776
348204426659508226
524983325275197440
693873151659249669
640118021101604864
489798752438583297
537355288295518210
553115236992290816
352075672543428608
523562674487975937
524925124303396864
436195672677953536
500413818368184321
551120768164462592
693912520923295745
542320823915536384
520284654755381249
693217698482933760
693795905049329664
757190314880884736
517487705978966016
690926324903317504
436215971272212480
727116900983934976
500327106824245249
544306719686656000
516475930097643520
693465666259656705
692113839387709444
553212962044149761
534678919656775680
692892472729415680
767528171520524288
407167928313081856
509031495101874176
689799953330368513
663744139666804736
685633217160998912
531108688749404160
727966590084485120
766989078294306816
387006553124896768
489829414704648192
742571519105077248
531085761521528834
742678930516123650
501774251901198336
641665203046907904
501768276523761666
516321020815228929
514142113601437696
436157398269849602
356268980211687424
535507913226190849
524191650420367360
514201362729828352
692376812022792196
653285570383335424
365052155385749505
688932211714818048
495583434954514432
692287441168900097
498280126254428160
542600886653292545
693533469922693120
524593547807178753
525024518713397249
547101266313089024
554979642210549760
724624672604610562
714998347111669760
489794696013967360
553016500492439552
532255606623989760
523123779124600833
503609826128044032
693711272014155776
525040767317082113
525009850104037376
544333764814323713
552706985087361025
539799806039052288
689208632148365314
691616143161819136
510906049549705216
551099691702956032
544567299102244864
686422922894815233
500270780832174080
701539698452393986
778572032531427332
747275598347837440
687632433483759616
633397936563560449
716424773216022530
542423103834296323
470025166760980483
532319110458118144
693934062445187072
524991067675189250
764653644138450945
693272659447119873
407158558158254081
693821069879160832
531131094276382720
690985215691354112
655432919595548672
550175324634619904
514550436377137152
740791134146965504
489794593580650497
407182194206322689
499679379820412928
692451275930234880
532281981795848192
407174474207731712
692099058811453440
407189015582887936
505369323922522113
489812926828924928
407197672702214144
693501482721681408
500281131057811456
80080680482123777
692812029611089920
540643709465812992
516545908813475841
521821037726797824
500377906305327104
724348906096590849
357300409292959744
524263570985340928
554886875303780352
693855615618322432
691351064868732928
536738726693847041
688520025754304512
513437031020916738
529088963420909569
531659884430106624
723477822950395904
691380138710306816
518830518792892416
521790189715615744
523939598691741696
693490132440129536
489974591985840128
510908595144519680
687617735833026560
524946179390701568
544939287222165506
387233034350514176
693658242044542976
568075025418317826
693676692309700609
693899062098137088
688147918113538049
765735409984806912
767715524222578688
693631772639145984
387010299536355328
489796088338341888
524699123971534848
524952094986350592
356297080169447425
560414522758799361
687674548712505346
652300118205427716
693098795022725120
616686132387028992
742012307694223361
693125234317086720
693696168908423168
693131575261659137
532284428542681088
532928419051622400
553518472798683136
778625026144792577
524934138563133440
693204483501887488
407236151167025152
348203818741272576
407159686786732032
692748204064927745
551106923601219585
553186555150749696
524976106861236226
757450526153900032
692374052082708480
407170170533064705
514517213022543872
524976980799000578
767737100347191297
576319832800555008
728101712762834944
524959836778536961
527131140721623040
524926472432410625
693806234026188801
707321278135463936
775672628493357057
514483762566922240
387031585834278912
504419526998360064
504500863944376321
511330322831507456
526757033186697216
580320684305416192
524930365400821761
534409916560461825
519275971758026752
521777301470871553
715268937873760256
767170849472405508
535282587325833216
693785810311778304
521717368264093696
558312304753016832
693866093123915776
678277910537588737
510916647373516800
693549273468764160
757748522481491968
510286132568150016
519078654635409410
509077805296914432
716448280201269248
693822949456007169
767715489485205505
755548076438196225
691206970074738688
524929106987991040
554688527435563008
504771233557147648
692528931459694592
691564354567798784
500363740311982081
372489152903643136
524924619812511746
521663202183348224
538930446814703616
766358933296517121
518866406512025602
489818014364086273
427666815842414592
377002232257855488
674713782778654721
693071700200722433
665302351742275584
407212665350942720
693803472806760448
514081464171102208
688461902821855232
525301290218553344
692190570140340229
387237225286479872
765141361033109504
715255507506892800
499456140044824576
521882110789824512
553576010898497536
520338188213444608
552615631246622721
683731779342188545
764158239089029120
519921456730607616
336913656921083904
521727831307722753
569908998717243392
570405783306944514
544328894812549121
524941041301225472
552146635707666433
550279538278543360
524929796862918656
766452700049473536
547158281005719552
495305620342714369
692382471061663744
520299904934371328
658938136299511808
365056836476481537
693686290408181760
692497796956561408
693824042164436992
80084555733803009
510507736287961088
568589712644026368
504243239084236800
531206167302012929
516636338679197697
767094580634202112
445495350171013120
767845555313774593
531183173443801088
555072815154475008
514148279601606656
688751183645782016
692746621218656258
504652021601800193
534461459938304001
490136764619948032
319166636902998016
692764799315398656
519348106836860929
516377014790782977
524211911668543488
509463916586762241
650254360727973889
514508854990999553
500391222075076610
655812191233417216
568568737621630977
714560810266132480
766299560415223808
523535962962280448
536827853669941248
658755852199927808
524176293450223616
525024181218725888
714555825122107392
510931521306243072
567765185407234049
524206851450486785
407191058108256257
508002575858561024
693344498953383936
532284831783460864
523098334421319680
693198912660885505
693629063932596224
514535408126795776
544512910538838016
524320261667950592
778949749156245504
516861311725342722
745365403237376000
767355933919997952
693240976970752004
661184793342775296
521835345059389440
521444489697583104
407213772328022016
407191144880439298
501881262240694272
524923293711998976
515717938025078784
532197572698320896
519929168864497664
543586319168196608
407198255793987584
692816955837804544
536105045545472000
523545090099523584
689719109785907200
521769631519092736
407290871856369664
760109079133990912
701514249269542912
727834854931435522
552821069036670976
516386101766782976
516313006427602944
537377960471166976
693605375803813889
534445263528947712
534337548680978432
533767270091087872
547514662695469057
726442550266044416
407167258452971520
528357165677817856
517053056211357696
693487871806689280
525711899359318016
686421576904916992
507354546041925632
524977992683237376
551159366876147714
407184707118309376
551117430345711616
693236688538243074
551942365901250560
741995157969592321
364589696573124609
706933939953344514
550284252672450560
542860306603868160
522468118082633729
707305999971921920
427662266993889280
688763099298529280
538847758032310272
742055437932040193
707310135291416576
693554344298467328
693554007785234432
519447199164665856
550038665653542913
762775964224847872
689650617464311813
537484793882361856
506784541696991232
692134022839955456
692031224227958789
516411927506206721
376982539132366848
576829262927413248
764449685897568256
685473149291479040
524950339074523137
265953285247209472
504109775358287872
364383457545162754
500294803402137600
693185488644149248
692031514943582208
707420972173955072
535484342785830912
730939370765754368
529747368087126019
743126914794037248
693082547664883712
427762638274437120
518827403452637184
740748123581087745
763896522790440960
533734824905670656
535148463609356288
574004164570841088
524923341359300608
387041762331471872
514062859987595264
550003619303788545
538412662858588160
551106793959862272
516978780171436032
531900034863091712
407233172380733441
356310469390245888
500298752469770240
767515401831997440
358591089462099968
687786822475366401
767068504277344260
407192027714322432
516804849619705859
407264593027670016
554597409351671808
407170443443859456
536540403109879809
757367391202471937
678733118648524800
554655549896159233
500347114975944705
534205316620382208
407213757048160256
693140568143220736
506656271517622272
714851393861881857
693618217667928068
500308076004929537
566089610485579776
692742353736568833
532246457609244672
517038566061658114
532231906364911616
435998882250899456
692780496590254081
509478961705807872
524925730053181440
527138218505175040
365276206381268995
499683602452717569
499368931367608320
524944881941495809
536804445678755840
532602376398462976
692405195796529152
692792765852286977
500280838710247424
525040836757958657
509463933564891137
532275383430041600
501474962935648256
553474188259102720
692357775859564544
514478918636535808
692745861978263552
705092738224525312
651858133304782848
407209222850756608
692842124841123842
532559937269166080
692922211338981377
407169212428206080
500381163866062848
670380354822348801
509464457836511232
521922785254580225
407267881131732992
527947775905103872
527308173112139776
525033697045925888
500279189405433858
538137715293061120
523943647449198592
690137637810761728
764368020391223296
536826622725218304
532239131540467712
689798164287741953
690252631822864384
523581212175392768
499530130487017472
714755546285477888
407205009676587009
689236842454106113
650952376954650629
524227209976745984
693595814401327104
693162950358622208
565999191982616577
651044059222556674
549998575330275330
534278078105944064
686701278785843200
693160939802214400
489802446001434625
570341828479725570
521772674155286528
387021726007042051
524998384357486592
504830161993609216
524168442841010176
691410231549530112
693729678306189313
715253497462145024
522692223952228353
553470492565602305
691027026552229888
376874273601630208
536808074431184896
691791477912014850
532259028152246272
531648145613398016
500377145349521411
514057033419849728
705093513076015104
763738618573623297
553461741917863936
407169699559247872
525285199530455040
427831952826449920
514106939173634048
692463948076093440
407184730988097536
568905632998412288
687766167558164481
514106273852174337
500389488217309184
407193347279699968
489854703321509888
692134721195786240
495366618818830336
516345893139001346
544154048950435840
692440373449396224
427846006600777729
531300385248800768
407156621450571777
529434230938284032
530943279161155584
407292452060815360
562090534945431552
366025766183514112
688027085730897921
455525437351800832
693769968199061504
755523157700648960
524961908903149568
524965786059026432
519375764165509121
692391757775028228
706665777332621314
692423131726749697
387281927427727360
544698560655400961
407231591191035904
758825535480864769
387009577763360768
693524179597955072
509473920060104704
519131101798100992
550095745161134080
693122199536934912
524152657783820288
489820657291911168
407254590363426816
693643778033344512
524927281048080385
687639526282498049
568571403756294144
507263441359613953
536504515843727361
356437941641416705
538900739880665088
551123464640536576
538851683141304320
554722567224049664
524961721744900097
514109888138842113
536915851233202176
517003426832453633
692727606718824448
489798752358916096
500290456845299714
780436430732525569
527272948680622080
521789009576476673
693573042111270912
691700082601758720
714598641827246081
693056396250652672
387030572779847680
553184482241814530
539115704285270017
714531423273746432
553550301886955520
522654603675176960
500288349924782080
692491478619262976
524181699043663872
407176873605865472
553544252563935234
692800345274241025
692217618778972161
538729383662338049
693534177694609409
763428684850094080
690670464440504320
684118654418419712
727854332188577792
640182854928961536
436089462326849536
387220814531395584
519935535083565056
691656866972209152
504450741126582275
553164985460068352
524881688825167872
370855596050108416
489836441120145408
553575232867672064
534364937939062784
507261372313640961
759653274605740032
553099685888790528
514308277803294721
780882510645370880
765863022506151937
688752484966363136
553103772852191233
524935246647926784
407217865973329920
524951893467234304
778299287293816832
766307327922335745
749286768554438658
407209892013821952
693102420688121856
407262869152358400
501774615837163521
510921017972514817
538010064591028224
571052823665704960
693459931022913536
692127290998784001
273278761909239808
552457656666185728
295152287901417472
522321383716818944
766638613320859648
727982226290442240
489872500462190593
693476901772513280
747443219487678464
692924229017309184
500341884678836224
540333359793451008
760120409429643266
693457310824468480
689833530197671936
524294016435634178
509464217549021184
407206094747209728
553136604882014208
692004901455556608
560163341524807680
546028163134808064
560207034545889281
407279190913069056
528562608463704064
693107789007339521
692854695262445568
500332933098385408
528676615207653376
517051126466625536
514098803347951616
544514570367168512
547807913671405568
724661834419048448
560442390805090307
407253554039386112
687673284436082689
273182568298450945
536871550184869888
514100169307348992
507918114567499776
727172374999666688
295944137948151809
733242244522725376
513749585391390720
523863683928457216
522815405451407360
528607634099015680
547587399728267264
691889802724118532
538861627018579968
716457799392342018
524929497205055488
531833233143783424
522684367647559681
507634536176300032
767360696761905153
489798219283857408
507242819623587841
537006518118273025
693452449173086210
691667941314662400
536558567206420480
560187970389819392
524958992330522624
693068611951300608
514150992552931328
523555724807262208
562313802369073153
516423807394131968
520265722967375872
691600834707247104
760928376668454912
511918957255991296
691327238353129472
524312881823637504
501781217411215360
688502260779843587
767668607803359234
500319801344929795
531161914689482752
553579224402235393
693718533239365633
693481256735150082
491200302365040640
707786906189303808
407161635439013888
693484841011060737
407192126032986112
529857740059860992
692736398462300162
532297096356167680
509464271118688257
531193369465470976
748543642323783681
539254751343681536
682548344690970624
689922870689009664
690174644071047168
489872119158046720
767223774072676354
515538937058971648
436001434212249600
524941504796962816
489975398151618560
500371149713178625
553098571323437056
519867098945044480
407164597511393280
509466295344304129
748640007934590976
693722259740069889
525039784503541760
716461257025581056
524948703850029056
731166399389962242
531733274968989696
531525016794697729
524186749002473472
691986377584549888
690954487322796032
504448356584677377
766789709045518336
514451906211893248
407231740764508161
692047663211085825
489902412900343809
503498696273965056
538724882461097986
525008463819464704
519112613800972288
724703995147751424
538760398003253248
387006700609228801
767355611277168642
707412869860696064
538346377794031618
538133250066366464
689549346875031552
652349108653551616
684878165714563072
689214940679409664
514072132301910016
692707593991643136
387353560356118528
489865454312099840
387309869080281088
407176055657484289
745236050407194624
326137285450018817
687911282922631168
531129816389779456
356407105953071107
504267796424163328
528495998537334785
524646141938647043
675434959939756032
427689948398231552
648993731169939456
535474881090322432
763404633217835009
531524882325311488
531530591427391488
730516765525082112
513015596879867904
690915657106526208
547803254516490240
553169307824177152
501934077612941312
531287426858487808
491241885399539712
716092408920936448
547509900130021377
515918632178577408
427690961280696320
774833492865593344
686493272806576128
544457299667202048
407223928084766721
553115168084074497
752875379765968897
407209131351629824
726043971911213057
552848620375261184
407217471473451008
683158807959089152
407253198395555840
531543620856197121
693509689418588160
561280944045576192
538193964479045633
407188779255222273
690145844318834689
516371936604352513
693411834808946688
450341615979069440
407290084593913856
532208816692416512
489833932813516800
553538058440941568
505611045897924608
693216311502073856
549920761423863808
761355585724055553
407185422523977728
688110059553861634
691299810553384960
518981379963777025
553548567420628992
515598200796090369
531634492528939008
765934198297362432
764753085675761664
553264892799488000
