580348081100734464
620367840902782976
650975967146602496
767807335691653120
697992796565741569
716092408920936448
665575674485211136
777710439870455808
615592870540488704
693200309955469312
701975210044497921
524947674164760577
689890946683576322
552791578893619200
524969201102901248
725983128444129280
653285570383335424
618805892222468096
763738618573623297
682999206290829312
742012307694223361
693087220459270144
693059995013742592
712223438698627073
672927317191229440
614624331717545984
661870323034431489
613404935003217920
552805488631758849
778625026144792577
701872343736520704
673615400655970304
726086935903494144
693771953648373760
693196937172951040
667487418388488192
614671961801785344
763896522790440960
544277117039837184
687748306571804672
688428083540553728
662151653462790144
553535829017370625
648894687542034432
614620298877513729
665379967757324288
666633171325353989
767710042816602112
604642913188872192
723521076446142465
707310135291416576
525028734991343617
693651239486263296
544271362022338560
650037735579910145
665309822208729088
692701223326056449
692735698349199360
728625967921401856
747443219487678464
745236050407194624
613294443878305796
544511199702822913
524941132237910016
765859710503378944
655986243042459648
724320681517670400
618804516578680832
692623941131722752
767129248045948929
614702244001382400
693086478667112448
691608761128067072
647169573599449088
553543369604210689
673872171341447169
613393657161510913
693897857376632832
524944399890124801
714598641827246081
651486105628463105
544278985249550337
652349108653551616
614599587362414592
742050150307246080
633961125126668288
724624672604610562
706665777332621314
614638036593299456
755475529294352385
674301413040758785
691995324752252930
693555965019492352
614494170590367744
727854332188577792
693061713042771968
614494460747997184
668849913678209024
552811386259386370
525023025792835585
707786906189303808
724348906096590849
707321278135463936
693071538896162816
635632641635667968
651825062174195712
692826642583019521
691632238035886081
614467824313106432
755523157700648960
614615157730357248
688741019979001856
763524712853102596
544512664769396736
614608936491188225
716448280201269248
669259395902152704
667465205258051584
661251968078221312
656834590779289600
767698691205410816
648993731169939456
666051332504207360
623533663947517952
627828211003469825
767803368081358848
707308274270539777
692163879909064704
687984820815851521
544301453717041152
692702295281262593
687409983139495939
553587013409325058
688819658057740290
658065957823324160
637873886072320001
524925987239120897
693171092555431936
766568413418356736
674364257799004160
765359928361922560
672169954016403456
672906198434209792
723644048867774464
634943791934406657
544382892378714113
650710483289419776
727588444000526336
757748522481491968
544319832486064128
674263945172119552
614628865353351168
765612862681255936
672433211604013057
649974380416618496
761573188543229952
668144671772778497
524922729485848576
656662726014599168
689867195657101312
676586804242309121
748543642323783681
689938201193115648
693321561542127616
692752491482615808
673984270902427650
663925546812837888
693869818366287872
552984502063337472
716451800581279744
640182854928961536
692820029159653377
716457799392342018
656629493377990656
614593989203886080
580324027715063808
656830586577883136
553566026030272512
767861179951648768
651959206287908868
692803280238419971
707405809181917184
763520953619918848
692845716826300418
728101712762834944
676870737932742656
690580180805509121
658755852199927808
723915846985342976
553588178687655936
703234354579898368
730516765525082112
552792544132997121
614618682543616000
692874200927698945
629209452793626624
714577521992343552
707300612862566400
744390771869102080
672432930426372096
767203096472719364
620835698514464768
544520273718812672
763430916236640256
628045645010608128
716461257025581056
693076140278153217
774833492865593344
726442550266044416
692929779696275456
740748123581087745
643103859729166337
779633844680962048
552802654641225728
661102820976930816
544278335455776769
665361505303584774
553476880339599360
544476808566276097
544291804057960448
626901072209121282
628319096606732290
552785375161499649
741995157969592321
714560810266132480
651402689352351744
636925368927064064
653250169752977408
524925215235911680
724603564946010112
524952883343925249
612741808125120513
613362193787129860
689860942671130624
714755546285477888
761999790892806144
614626710248534016
693804277031157761
620971220301787136
692838430783332357
692691444046372865
650254360727973889
751536167183613952
693761289601060864
722885778448121857
780436430732525569
693013768738115584
693826104633737217
651321040119963648
732981604826677249
714555825122107392
614609560658161664
692150118921957376
731166399389962242
693939356390653952
613016993692798977
654343805081157633
544319274072817664
667379734343471104
672828403016429568
544290258951892992
691678576018657281
767814876433571840
691285663522648065
656870311057575936
524980744658382848
693135382309896192
692157602554343424
692106491365605376
640644123339431936
693441093048766464
672513234419638273
705092738224525312
618192748735299584
619242759359037440
614599815280857088
752965545528528898
763964234774347776
641088973717110784
764368020391223296
667534186450825216
615689290706595840
692796451987034113
640967537178472448
671181758692507648
692758050378256388
693456187036037123
649889459836710912
778299287293816832
727966590084485120
693041285087756288
675043569367982081
612646796355960832
693546915892428800
723511860516016128
692758581494599681
524923676484177920
544491151118860289
641191076716417025
760928376668454912
692368829368918017
626516248206135296
675064077367005184
707420972173955072
693185853867294721
614594259900080128
661120256732041216
666497286663503872
666335363099660288
693571567377342466
652783670370115585
653432177632387072
724939017410727938
714503380476026880
652882609219833856
616311563071434753
690106189951139840
552792913910833152
633823543541768192
647168914955243520
681147789653356544
544269749405097984
544282227035869184
553107921081749504
544367462012432384
552832817089236992
693181857261719553
677099574855639044
662381914842603520
693167683701968896
681199637387149313
642145732435292160
544381485591982083
715671763808493569
705093513076015104
767561970182598657
687274510643511296
544282005941530624
544513524438155264
692630756548591616
725070832494624769
647169726158925824
693281966846808064
600451916414484480
681767380305985536
767709416879644672
614599619310407680
692748411481780224
766822417712963584
766323684076322816
672102358516670465
714851393861881857
682996350909157376
525056576038518785
524965775036387329
692078399012130816
553586860334010368
614645853291155457
498430783699554305
552792802309181440
688752927381581824
701514249269542912
716424773216022530
748558349139058688
752875379765968897
614610102927147008
690650123358093312
688751061503442944
693844030589902848
693140340367187969
692743102432346113
766789709045518336
661229627734667264
767859423150759936
674358835675549696
764906140257837056
668872645589471232
553544694765215745
622858454949040128
673581371458199552
642432477185867776
742114513726623744
613023744454475776
659428447459110912
755439197125767169
654371696195993600
692753210692476928
693146363685642240
751856580874960897
641082932740947972
544520042810200064
616421546702336000
723772395211862016
762793077509464064
692516224245235712
727187859367546880
743764020679741440
667073349974102017
612438528803213312
689641419825242112
645356735545364480
780882510645370880
614604580601597953
553558982476828674
553506608203169792
693476774462820352
614628136634949632
764931593303646208
659439879701602304
613061089518034944
676367888543031296
658786161733734400
544305540286148609
650128194209730561
765739657908850688
693402634011701248
637382230394822656
649584608560832513
614648099542204416
693502060545703937
723198441690636288
652992524504600576
743126914794037248
672539897899577344
714598318333042688
524923462398513152
692890520960397312
676718762830221312
724044187113512960
692665281362202624
553590835850514433
767855091109863424
665358434351509504
640118021101604864
707604196812591104
693528374996652032
711994705333112832
552806757672964097
724703995147751424
525060425184858112
714531423273746432
553587303172833280
687537772970684417
675490515748425728
524926235030589440
714998347111669760
615494435074363392
544291965513134080
614595106906226688
553508098825261056
715515982584881152
642465192408940544
647193820812177408
728631482722308096
723477822950395904
775672628493357057
644229386149888001
644329878876237824
656361703664451585
715255507506892800
672180526946656256
692911086920667136
676120162018451456
544512108885725184
658462819667615744
524942470472548352
661222523275636736
623818627054206977
686666933949837312
614054616154550273
666810213274689537
594687353937100801
778681502825451520
727982226290442240
728038172270198787
663385747177775105
651786568592658433
524995771587108864
553587672137334785
674187250792558592
614607711368519680
525025279803424768
655432919595548672
715254040289021952
727179214546456577
544350567183556608
693086218276474880
692925396292091905
645711628046995462
544352727971954690
675065047710892033
727172374999666688
544358564484378624
614601139422633984
666640008149925893
689915847939219456
745365403237376000
544274934835707905
693857551620968448
723025600810766336
693471161313816576
643225207705075716
674244561519161344
614594667225571328
618449248179191808
604354747357859842
693893182338289664
656811196218286080
693641113693884416
524925050739490816
714811995573325828
765735409984806912
727623131494387714
690680149164085248
651044059222556674
614605997953404929
544329935943237632
763428684850094080
525049639016615937
655080266784968705
693080409282846720
662430295254175744
614891047886434304
628604055644934144
656595123590012928
614610364702044164
693843042546106369
729647367457230850
654351281260113920
689661418484994049
553160652567498752
661299012386095105
544514564407427072
727834854931435522
524932935137628160
766715993385267201
674015148382666752
690969315470868480
692014905239666688
664000310856310784
525058976376193024
715264793737879553
544380742076088320
642027433693171712
692540218310803456
692550140754841603
778572032531427332
716416753409081344
629503919098429440
638050997340893184
676094756758364160
672424512516964352
674014933235859456
651809229842608128
693466724822323200
613114185505996802
707332312724283392
765887221736046592
615346611955183616
648310692794109952
544271284796784640
692797856386777089
733242244522725376
613194145423826944
693060960001597440
723365789378584578
553534838880608256
656202544331517952
767754921403899906
614594195479752704
656955120626880512
688366079396163584
544289941996326912
