628319096606732290
640107106943766528
640118021101604864
688428083540553728
727834854931435522
707412869860696064
612438528803213312
744390771869102080
524965775036387329
692735698349199360
728273551883534336
614604580601597953
690042063958732800
641082932740947972
524935485370929152
758825535480864769
757367391202471937
659428447459110912
727116900983934976
767203096472719364
780882510645370880
688755462783782912
767807335691653120
759460236042305536
654351281260113920
649985459389661184
674301960787505153
656880145769197568
553531413459660800
701975210044497921
741995157969592321
612841482823729152
742114513726623744
692498490249891842
767710042816602112
544512676643500033
614601139422633984
752965545528528898
649881917534433280
765779159176077312
693476774462820352
613016993692798977
614790312955904000
637873886072320001
544515538383564801
660466342038867969
666107476526432256
692106491365605376
666070802924617728
778530869208190976
656523458139045889
614593989203886080
688021039322894336
525019752507658240
553587303172833280
766752508312166402
692743102432346113
693906624776245249
748640007934590976
716457799392342018
707321278135463936
658786161733734400
616421546702336000
614604054552018944
693641113693884416
612741808125120513
751856580874960897
651959206287908868
693939356390653952
693648684857323521
524959809402331137
672553813249826816
767092161716350980
675005503160901632
614702244001382400
658462819667615744
611039775856812032
692150118921957376
544291965513134080
752875379765968897
716448280201269248
614616994499788800
715268937873760256
614594195479752704
655812191233417216
663515735231062016
714577521992343552
728625967921401856
614626710248534016
745236050407194624
676067381299576832
691632238035886081
687643002240679936
553590835850514433
723644048867774464
691608761128067072
614595106906226688
553586897168392192
524922729485848576
524925050739490816
701175292937707520
755523157700648960
726086935903494144
693897857376632832
656047932093763584
668144671772778497
693827886021767169
693466451081060353
614599619310407680
640182854928961536
544374511194632192
763964234774347776
725070832494624769
614594667225571328
614593386188828672
742678930516123650
656830586577883136
656595123590012928
656870311057575936
618192748735299584
764497123530375169
723365789378584578
657007736467525632
525056576038518785
675043569367982081
689661418484994049
697992796565741569
686657138270277634
766541461189832704
667487418388488192
691719802499432448
693441093048766464
553535829017370625
692826642583019521
622858454949040128
673346166822694914
544358533819420672
693041285087756288
766568413418356736
676094756758364160
767541796410839040
626546123713474560
615346611955183616
756690088533393409
638047610973089793
524975705206304769
728013148788154368
714998347111669760
723772395211862016
614605997953404929
524952883343925249
544520042810200064
767698691205410816
663904307113275392
524962142563610625
690650123358093312
614054616154550273
524925987239120897
628045645010608128
682895395077373952
730516765525082112
757450526153900032
692393375891361794
693200309955469312
693059995013742592
644229386149888001
613023744454475776
762793077509464064
544329935943237632
722885778448121857
742571519105077248
687274510643511296
760109079133990912
661120256732041216
623533663947517952
544399927045283840
666190716448587776
524980744658382848
693857551620968448
613194145423826944
692925396292091905
650710483289419776
732981604826677249
692023855926374400
764368020391223296
672828403016429568
682916727282270208
714503380476026880
727172374999666688
524926235030589440
716461257025581056
652982112870662144
615840865815298048
544289311504355328
687984820815851521
656662726014599168
724703995147751424
727854332188577792
714811995573325828
656825206045020160
693128224960856064
645356735545364480
552783667052167168
650952376954650629
613425834301485056
714755546285477888
692838430783332357
723504069814444033
712223438698627073
723025600810766336
727623131494387714
674080899055546368
651044059222556674
553506608203169792
675064077367005184
614645853291155457
643139873264812032
553589051044151296
544268732046913536
525023025792835585
672424512516964352
544350712365207552
650037735579910145
724661834419048448
733242244522725376
634943791934406657
664000310856310784
651321040119963648
553558982476828674
707332312724283392
649903655160815616
658259426172891136
681767380305985536
693586539562037248
725174535897620481
767754921403899906
615592870540488704
692884886374318081
612646796355960832
682996350909157376
687409983139495939
714560810266132480
728627623488786433
688366079396163584
715253497462145024
743058135300988932
676491949524713473
693853310479155200
662381914842603520
714531423273746432
716416753409081344
553587013409325058
693119705469587456
728207861050970112
693648675772436480
661299012386095105
665361505303584774
524936872666353664
618804516578680832
677099574855639044
651018580989972480
693691456222052352
688751061503442944
693893182338289664
653250169752977408
614614133410033664
693857080193761285
692820029159653377
692078399012130816
636925368927064064
693061713042771968
674314254732931072
747275598347837440
620835698514464768
553586860334010368
675490515748425728
715264793737879553
692083780123783172
654371696195993600
723521076446142465
659439879701602304
544291804057960448
767861179951648768
553534838880608256
672219174463275008
688819658057740290
688752927381581824
668849913678209024
701539698452393986
755548076438196225
682999206290829312
647169726158925824
654343805081157633
693141729529184256
757190314880884736
692540218310803456
614891047886434304
525028734991343617
661222523275636736
777710439870455808
693080409282846720
641430951403343872
663385747177775105
658938136299511808
693013768738115584
553107921081749504
672488384695279616
666633171325353989
692691444046372865
692410832307818497
613362193787129860
763738618573623297
652300118205427716
763428684850094080
629503919098429440
544512108885725184
693771953648373760
544513524438155264
635632641635667968
626642648179159040
524941132237910016
614628865353351168
525060425184858112
632377165477191680
553590459688570880
544319274072817664
688446106943008768
655080266784968705
648894687542034432
693555965019492352
693146363685642240
673984270902427650
553544694765215745
732004388181434368
743764020679741440
692797856386777089
693571567377342466
544290258951892992
553566026030272512
765612862681255936
676586804242309121
618805892222468096
692752491482615808
674301413040758785
666051332504207360
693265096278163456
614610364702044164
690106189951139840
692796451987034113
693534670428971008
767561970182598657
731093044460683264
692833140428017664
544367462012432384
544301453717041152
693606934050684928
580324027715063808
614618682543616000
676367888543031296
641972184412327937
693140340367187969
654336219447472128
726190016435728385
728038172270198787
775672628493357057
552792802309181440
687748306571804672
693315824132685824
692082861525078017
692758581494599681
641666167992647681
716451800581279744
666497286663503872
761999790892806144
544350567183556608
692929779696275456
626739062792032256
614467824313106432
673079581520318464
672513234419638273
645711628046995462
707420972173955072
645362146415525888
626516248206135296
707604196812591104
672632863452299264
693135382309896192
690376107825192960
717081129627553792
628681462976528384
544511199702822913
524923462398513152
714598318333042688
693471161313816576
692758050378256388
707300612862566400
765739657908850688
553543369604210689
623818627054206977
692702295281262593
613294443878305796
726043971911213057
544391176137089024
642465192408940544
524943490887991296
767803368081358848
616311563071434753
701514249269542912
663925546812837888
637868242560638980
544352727971954690
652992524504600576
500378223977721856
544271362022338560
728101712762834944
693804277031157761
667465205258051584
763430916236640256
544283772569788416
656848877463560192
693528374996652032
642432477185867776
715256242990505984
673696115305406466
651486105628463105
544504183341064192
767129248045948929
647193820812177408
751536167183613952
693281966846808064
674358835675549696
693402634011701248
647464349611589632
651809229842608128
742050150307246080
766822417712963584
763524712853102596
552791196247269378
755447443009916929
616765822095261700
778949749156245504
614628136634949632
692701223326056449
524932935137628160
544271284796784640
778689027918618625
544512664769396736
674263945172119552
525025463648137216
615494435074363392
757748522481491968
544305540286148609
647169573599449088
707308274270539777
663744139666804736
716092408920936448
622891631293935616
681824512120324096
748543642323783681
715515982584881152
647168914955243520
693321561542127616
631388553801564160
614620298877513729
665364878287224834
614494170590367744
613061089518034944
674014933235859456
691995324752252930
634404792241143809
673664899571060736
655986243042459648
706933939953344514
724603564946010112
652000523525091328
665358434351509504
727179214546456577
544319832486064128
619242759359037440
637382230394822656
544520273718812672
614610920782888960
724939017410727938
749039299677417472
655815788675399680
544324444773433348
693203974388895744
689267711856263168
676718762830221312
552805488631758849
634665777400950784
655432919595548672
614607711368519680
553508098825261056
674187250792558592
693185853867294721
714598641827246081
614609560658161664
767855091109863424
767814876433571840
692874200927698945
674364257799004160
673611867181473792
525025279803424768
668872645589471232
641050980985999360
690580180805509121
652783670370115585
693502060545703937
552793679082311680
716439952922312704
723511860516016128
727588444000526336
687537772970684417
724348906096590849
616481759329427456
553160652567498752
763520953619918848
552834961762709505
669201837187334144
692748411481780224
674015148382666752
544518335019229184
524931324763992064
675065047710892033
614608936491188225
692665281362202624
714555825122107392
669613420665159680
693843042546106369
544476808566276097
656818921979310081
552785375161499649
764931593303646208
650128194209730561
689938201193115648
672539897899577344
692753210692476928
689915847939219456
666640008149925893
553221600955621376
732971411157880832
614615157730357248
652882609219833856
644329878876237824
693167683701968896
726442550266044416
705092738224525312
594687353937100801
675193315306905600
633961125126668288
651825062174195712
633949800761700352
707305999971921920
690969315470868480
600451916414484480
711994705333112832
740791134146965504
613404935003217920
673581371458199552
524944399890124801
693087220459270144
749286768554438658
620971220301787136
692940257134653441
760120409429643266
552791578893619200
672632899921833984
767459987476054016
544269749405097984
672432930426372096
691789524498845699
525058976376193024
