525009850104037376
531565935128498176
372489152903643136
677950378785271808
525033697045925888
489798219283857408
693032076543655936
565999191982616577
500286058664579072
693216311502073856
633397936563560449
506656271517622272
522443333831262208
436146437530075136
407232661107642368
686493272806576128
516636338679197697
693217698482933760
745365403237376000
778299287293816832
727116900983934976
760928376668454912
509464217549021184
759653274605740032
693824042164436992
778530869208190976
499683602452717569
521727831307722753
489798752438583297
551120768164462592
504478567062056962
544698560655400961
760109079133990912
548672230134382592
517416417164263424
690920430287331328
535148463609356288
692267960686284800
693795905049329664
516705572373397504
553103772852191233
527131140721623040
763404633217835009
553098571323437056
407173794583695360
265953285247209472
551128385850601472
524317344730869760
550284252672450560
707321278135463936
522468118082633729
692031514943582208
714560810266132480
514468018970034176
722885778448121857
514057033419849728
550131732805328896
692405195796529152
693643778033344512
517850508380618752
500278045597368320
504441156575297536
501781217411215360
544939287222165506
504387128013246465
690137637810761728
693125234317086720
514555852351479808
693457310824468480
509077805296914432
525116411887513602
576513463738109954
556541489388724224
691656866972209152
693411834808946688
693686290408181760
550175324634619904
534409916560461825
500327120770301952
767355611277168642
427924694663454720
520244836084228096
524947149134774272
693476901772513280
510916725953417218
407156621450571777
693629498177253376
495366618818830336
723772395211862016
524924619812511746
538218607822770176
524935769614331904
501774251901198336
552615631246622721
503609826128044032
535252460148113409
407205235682050048
514039286845698048
765934198297362432
728625967921401856
691380348379201536
693408117225299968
511918957255991296
693456387880402944
510918747188514816
516729950091493376
514451906211893248
387030572779847680
752965545528528898
686701278785843200
549920761423863808
692113839387709444
687630364936957952
692082337333534720
691299810553384960
693272659447119873
740791134146965504
691632933170450435
687674548712505346
503714147138166784
767823175480647681
532602376398462976
693916809125351425
497073936077959169
688096910217879554
524998384357486592
693925198630821889
692922211338981377
693160939802214400
533767270091087872
552677176873455616
523126268603031552
689799953330368513
507242819623587841
519348106836860929
516539137646542848
527138218505175040
728207861050970112
517487705978966016
520338188213444608
687632433483759616
524929796862918656
524991240270807042
650254360727973889
727187859367546880
566999951449001984
524929497205055488
524951893467234304
757450526153900032
524950264303075328
498280126254428160
551103664124100608
495305620342714369
552498516225179650
520299904934371328
687617323235147776
516861311725342722
509152237503778816
348209998565879810
534303066867367937
387353560356118528
356437941641416705
525041127343550464
522553662996901888
707786906189303808
407169212428206080
765863022506151937
524186749002473472
514512849876836352
693718533239365633
766719302401613825
652982112870662144
551123464640536576
687945926774800385
370855596050108416
516435293235183617
656361703664451585
650710483289419776
714811995573325828
693083689098477568
693131575261659137
500280422295937024
326137285450018817
661184793342775296
692217618778972161
514148279601606656
549599086073368576
690567125128351744
516411927506206721
690926324903317504
560187970389819392
640182854928961536
692812029611089920
524289058290159616
553008832784642048
707310135291416576
523939598691741696
552816020403269632
490141776984825856
699252269414354944
534461459938304001
537913349338435584
524949828711620608
524941504796962816
524206851450486785
273182568298450945
532281981795848192
519311120914722816
643807909856415744
748543642323783681
436074888638763008
693600369281253376
547807913671405568
684878165714563072
516425769560866817
518620083342835712
766358933296517121
407237676350185475
528312406498635777
518830518792892416
526459255147491328
516545908813475841
650952376954650629
531833233143783424
376982539132366848
559787890402541568
357299879070023680
531525016794697729
689694470779097088
525088864416043008
427666815842414592
516390549012480001
536105045545472000
723644048867774464
764473554431725568
693912520923295745
519275971758026752
532276693931945984
372914976102834176
692528931459694592
500381163866062848
510507736287961088
531526274003771392
500378522788315137
674713782778654721
689650617464311813
531524882325311488
504652021601800193
387309869080281088
509031495101874176
693853982293254144
524312881823637504
693118410444636161
693487871806689280
524925124303396864
692423131726749697
531193369465470976
689529955294777344
714531423273746432
524972443308683264
559863517151784960
576319832800555008
489854703321509888
554958414905094144
527272948680622080
692792765852286977
509114008587100160
513749585391390720
678733118648524800
407253198395555840
489794369487380480
534278078105944064
524928878075457536
688110059553861634
525327108520673281
91728807081426944
693136527816331264
489833932813516800
728273551883534336
560873850846846978
516682897864916992
500371149713178625
489867900296368129
552706985087361025
524211911668543488
691986377584549888
766299795833102336
407279190913069056
691064699853606913
387010299536355328
532851585408593920
524991067675189250
715253497462145024
767170849472405508
537377960471166976
387021726007042051
524699123971534848
685633217160998912
542860306603868160
518827403452637184
689549346875031552
504267796424163328
500391222075076610
519962130859429888
683158807959089152
538346377794031618
691206970074738688
766989078294306816
691564354567798784
543436472842334209
692290126282649601
688814621034213376
524881688825167872
504450741126582275
407176055657484289
508002575858561024
387220814531395584
505369323922522113
692566765822435328
658755852199927808
692451275930234880
766638613320859648
500347114975944705
693098795022725120
678277910537588737
685232704774787072
532319110458118144
715254040289021952
538133250066366464
763524712853102596
536835346932441088
692735354240114688
551106923601219585
527162170531151872
427662266993889280
687673284436082689
562090534945431552
519704006826807296
536871550184869888
516371936604352513
692932696645865472
336913656921083904
532559937269166080
514106273852174337
767710245779103744
707300612862566400
524925730053181440
514395350615203841
766789709045518336
755475529294352385
693121477491757056
724320681517670400
547514662695469057
295944137948151809
489970164469751808
528976109518721024
538729383662338049
547670441754914816
712223438698627073
500327106824245249
524987184836005889
550038665653542913
524976963862429697
752875379765968897
707332312724283392
692709993573789701
520265722967375872
692692529779707904
514429381737852929
516420964834611201
692357775859564544
693729678306189313
504244627680272384
693284114724700160
526757033186697216
532284831783460864
532275347413544961
518665533089406976
500341884678836224
692023417575448576
688441130271289350
742055437932040193
688763993633107968
407292452060815360
519965814175567872
549124560793374720
686527768327274497
692440373449396224
727623131494387714
523558773345255424
763738618573623297
529857740059860992
489841070818488320
621025025806577664
531129816389779456
507634536176300032
407187197427593217
568580363339091968
693595814401327104
687639526282498049
692113799546048513
407264593027670016
691889802724118532
506118402466152449
764620072228970496
510916464631889920
693459931022913536
514495841600811009
761381302260031489
500294803402137600
764368020391223296
758825535480864769
553212962044149761
509084603617792001
524930671220105216
690676539323740161
693056396250652672
516856061182345216
523581212175392768
520132836594970625
543443188934250496
364383457545162754
727834854931435522
514478918636535808
387237225286479872
580325090367315968
510922415468449792
692134721195786240
539833716852273152
504243239084236800
689555819059351552
407191058108256257
500363740311982081
560474897013415936
692364468442021889
692707593991643136
616686132387028992
501760566160289794
697992796565741569
482880640560271361
407233172380733441
501827465032237056
386682163862986752
690670464440504320
534205316620382208
693855615618322432
563117355254161408
514535408126795776
407212665350942720
687631811560763392
690680310061756416
528240834660298753
514062859987595264
554597409351671808
531568534066057217
692747901815119872
407170170533064705
531131094276382720
538851683141304320
519178213441167360
742678930516123650
560163341524807680
728013148788154368
706933939953344514
521717368264093696
706665777332621314
693830499047989248
539813330983354368
407167928313081856
726190016435728385
547803254516490240
536962520477470720
763428684850094080
523888836456108032
514201362729828352
519921456730607616
407254590363426816
407181813174788096
692581635594694658
372901260183494656
542423103834296323
686421576904916992
689100941119848449
528341588867416064
705093513076015104
553960736964476928
514308277803294721
546028163134808064
778625026144792577
693524179597955072
693670046497935361
767068504277344260
514540926640087040
553228463998783488
407189015582887936
514106939173634048
510921017972514817
527947775905103872
536738726693847041
524934138563133440
491200302365040640
568452856224747520
525029684095221760
691410231549530112
407184730988097536
517712193841037312
693071700200722433
724624672604610562
407158558158254081
556873675941896193
724703995147751424
716461257025581056
744390771869102080
550003619303788545
651044059222556674
539052152602107904
693239731031683072
496698590153416704
501785003144273921
531606992788287489
715671763808493569
714598641827246081
528237933661544448
562093717201616896
427831952826449920
693204708933160960
365052155385749505
692759090469212160
489796998615547904
524185876931162112
545271117355958272
509463933564891137
539115704285270017
764573523713011713
518192429153783808
522453569702989824
520630231531802624
521788572933062657
500413818368184321
563123548857053184
655432919595548672
517034091028676608
574004164570841088
692142338890661888
538861627018579968
500281094239817728
549964632883232768
767360696761905153
688757736310484994
524227209976745984
554343513887105024
767515401831997440
692688891174739968
500284699546517505
553271856786968576
688520025754304512
692382471061663744
723477822950395904
553040930144792576
524926472432410625
687956181646753792
692854695262445568
407197113286545409
365497016098369536
523863683928457216
387041762331471872
775672628493357057
651858133304782848
693214543615561729
500308076004929537
729647367457230850
651486105628463105
407177474788057088
516475930097643520
693102023764492288
295152287901417472
407267881131732992
728101712762834944
533734824905670656
544287209730236416
765887221736046592
524950507023245313
524976526891417600
436157173161144321
428366153149194240
655812191233417216
538166788484509696
525134787778850818
524925600318754816
538129041539092480
567765185407234049
553099685888790528
522534012544638976
693534177694609409
557621135320178688
693807822971236353
693921710383337472
523943647449198592
553016500492439552
407275991610818560
377519445578895360
527308173112139776
531676808836833280
778572032531427332
688027085730897921
489816746405007360
516414874348298240
524933380929245184
518870005677826050
693087256727388161
538975342011363328
531493734358061056
665498651742085124
778681502825451520
525077806401994754
693554344298467328
514550436377137152
538193964479045633
407213757048160256
534763214106820608
767355933919997952
524958992330522624
755548076438196225
524944881941495809
532199717594497024
515519742355185664
723365789378584578
516321020815228929
407213772328022016
407193347279699968
689722724470620161
762775964224847872
499530130487017472
528607634099015680
407258075502899200
507257950868885504
532206910796468224
714998347111669760
691351064868732928
524923293711998976
693102420688121856
553548567420628992
689236842454106113
514109888138842113
692727606718824448
436001434212249600
692842124841123842
551106793959862272
648993731169939456
687911282922631168
536849906997415936
516394449065496577
523026678419714048
436157398269849602
536827853669941248
555003887753494528
714503380476026880
544523550519218176
513779458340569088
693122701569974273
531498841158082562
407169885345943552
513922322915282945
690431187916099584
692063305297453060
407217471473451008
553518472798683136
553467311261503488
524961908903149568
693344498953383936
500363126294863876
386998038004113409
688502260779843587
670380354822348801
531085761521528834
747443219487678464
742012307694223361
489836441120145408
693204483501887488
675434959939756032
521789009576476673
532255606623989760
552848620375261184
560133068670140417
535579674152148992
387233034350514176
489812926828924928
693126696132804608
693711272014155776
522692223952228353
516361247223058432
707308274270539777
693355140284334081
455525437351800832
407182466613792768
767330549262278658
538847758032310272
427725166127226881
653432177632387072
407269894938718208
499368931367608320
500290456845299714
535257207991205888
528242965915779072
500295393301647360
407223928084766721
407192370040803329
689208632148365314
523655026485366784
365276206381268995
692497796956561408
518924377791164420
501934077612941312
524291188422356993
570405783306944514
688932211714818048
518981379963777025
743126914794037248
504433135036407808
764505291853627392
532197572698320896
516727880571572225
528822281972498432
554722567224049664
524977992683237376
525291306000846848
517053056211357696
571052823665704960
693785810311778304
514517213022543872
692099058811453440
516345893139001346
407244865018155008
552661209204260864
489974591985840128
693926742814281729
725983128444129280
692800345274241025
514508854990999553
489818014364086273
500278294055768064
703234354579898368
489872119158046720
767463109778894848
525305690257379328
525024518713397249
727854332188577792
767668607803359234
513437031020916738
387006553124896768
507263441359613953
691809004356501505
742050150307246080
692463948076093440
560442390805090307
524757333608394752
524294016435634178
539254751343681536
522782267215982592
524959836778536961
568905632998412288
574062768896212992
514420223873941504
407206094747209728
525008463819464704
531833153145823233
693091255685787648
380055172896272384
552810448324943872
716092408920936448
504131150429061121
538760398003253248
693465666259656705
692491478619262976
732971411157880832
692056985513123840
532239131540467712
743058135300988932
542320823915536384
532928419051622400
727966590084485120
500279160795721728
655815788675399680
692506143147606016
489968646014246912
510931521306243072
500270780832174080
692840850141753347
693452449173086210
519935535083565056
686422922894815233
701175292937707520
689922870689009664
690145844318834689
516313006427602944
499612545909415938
387007120689737729
489874311143260160
489887806018183168
693456340790804480
524144369235140608
522815405451407360
387009577763360768
561280944045576192
369506008172740608
524932056560963584
495365942726381568
515598200796090369
693236688538243074
551942365901250560
640118021101604864
552821069036670976
693116426824093696
692780496590254081
525711899359318016
515717938025078784
523820806917603328
407236151167025152
760120409429643266
766316494695305218
778949749156245504
407197672702214144
693804630615166977
407209892013821952
534445263528947712
525408908484280321
531543620856197121
504448356584677377
692046121250586624
692134022839955456
504500863944376321
336873759271157760
515538937058971648
525024181218725888
692925163994796033
553538058440941568
506784541696991232
693443289370882049
716451800581279744
691667941314662400
500354773133299713
557885928417816576
745236050407194624
691600834707247104
685473149291479040
407248574099894272
427690961280696320
504304227246538752
273278761909239808
690985215691354112
519868410599993344
524927281048080385
532259028152246272
524961721744900097
527295015643394048
688437279405305856
693123067204243456
500281131057811456
407218583135997953
551097831851687938
407164247768977409
755447443009916929
334722003057647616
500303431928922113
489802446001434625
427652211414274048
693107789007339521
504419526998360064
524983325275197440
407174474207731712
562313802369073153
723521076446142465
561952533942661120
715515982584881152
510906049549705216
536540403109879809
707405809181917184
525301290218553344
544328894812549121
690954487322796032
568589712644026368
553549686129561600
500279189405433858
514067907475959808
751856580874960897
553115168084074497
689853056440221696
380140114552188928
552568163431247873
567596847330373632
693722259740069889
767768054163996672
524929106987991040
505657661120348163
524923341359300608
764449685897568256
552112474913136641
552146635707666433
427944719612915712
544333764814323713
724661834419048448
691976624665919488
716457799392342018
470025166760980483
688147918113538049
528495998537334785
356297080169447425
767482587879051265
692510002586714113
766808183696351233
532297096356167680
728631482722308096
693079616072880128
767580827513397252
523555724807262208
533811170889568256
507918114567499776
692745208421679104
524976106861236226
436195672677953536
761675705956655109
510916647373516800
407290871856369664
549927969032916993
553575232867672064
489794696013967360
691380138710306816
692927739066740741
693139276708585472
551117430345711616
692105324111761408
527286846347567104
560414522758799361
517051126466625536
366205297557110784
538137715293061120
521835345059389440
490080544949276672
509464457836511232
504109775358287872
500377906305327104
692736398462300162
532276370953752576
701539698452393986
535474861616148480
500394061887709184
544306719686656000
521922785254580225
436215971272212480
692765809425408000
689833530197671936
568571403756294144
727588444000526336
407184707118309376
532231906364911616
689798164287741953
534392174876839936
544514570367168512
495583434954514432
553184482241814530
407262953533353984
544510450101415936
450341615979069440
534364937939062784
692391757775028228
547525843749470208
536547921542791170
716439952922312704
693122199536934912
553579224402235393
684488313512800256
692332739824095234
357300409292959744
693873151659249669
521533372280369152
534678919656775680
538930446814703616
516978780171436032
731166399389962242
387281927427727360
690296550803636224
532203605236154368
489975398151618560
407198255793987584
524685073979678721
540643709465812992
767528171520524288
407198615137181696
716424773216022530
407163499723624449
767845555313774593
511330322831507456
705092738224525312
553505242554175489
531108688749404160
688281442162352128
544457299667202048
489836271049928704
651809229842608128
499456140044824576
351767344097398785
500319675797209088
532106726539939841
569908998717243392
531648145613398016
521770744855134208
693240976970752004
523562674487975937
427846006600777729
489800427152879616
499366666300846081
427780584979836929
726043971911213057
741995157969592321
525300042207612928
644321231618076673
517003426832453633
707412869860696064
692004901455556608
539658034382123008
531733274968989696
525040836757958657
693492159635443714
500377145349521411
692746621218656258
523123779124600833
551082055883563008
553190393370923008
572002458647412736
516423807394131968
352075672543428608
693622130735484929
663744139666804736
687734662249246724
524586367456919552
764753085675761664
693573042111270912
507454543169617920
727172374999666688
525411618231169025
509466295344304129
665317131597291520
693560600471863296
519929168864497664
