544382892378714113
661102820976930816
714503380476026880
693086218276474880
758825535480864769
728101712762834944
676120162018451456
732971411157880832
667073349974102017
692701223326056449
745365403237376000
674358835675549696
687274510643511296
614604580601597953
544374511194632192
723521076446142465
723504069814444033
634665777400950784
778689027918618625
692845716826300418
707308274270539777
693857551620968448
682916727282270208
727187859367546880
626516248206135296
628336948810268673
604642913188872192
613425834301485056
553531413459660800
722885778448121857
723477822950395904
642027433693171712
707332312724283392
692082861525078017
692393375891361794
616765822095261700
553589051044151296
763524712853102596
524962142563610625
693086478667112448
693573781730783232
662381914842603520
544271362022338560
672513234419638273
544289941996326912
641088973717110784
656811196218286080
686666933949837312
674015148382666752
742678930516123650
757190314880884736
524936872666353664
693167683701968896
544352727971954690
544314234541469696
767855091109863424
767710042816602112
692163879909064704
714531423273746432
743764020679741440
726086935903494144
669259395902152704
553160652567498752
614599815280857088
693906624776245249
673615400655970304
727179214546456577
674229534888185856
692623941131722752
765359928361922560
552984502063337472
693648675772436480
692498490249891842
674314254732931072
524975705206304769
673346166822694914
613061089518034944
693857080193761285
640967537178472448
727982226290442240
778572032531427332
544391176137089024
701175292937707520
552791578893619200
725983128444129280
652783670370115585
701539698452393986
705093513076015104
544380742076088320
706665777332621314
647464349611589632
689915847939219456
666335363099660288
614594195479752704
742055437932040193
689860942671130624
524942470472548352
525056576038518785
544269749405097984
676367888543031296
749039299677417472
656361703664451585
716424773216022530
692797856386777089
669201837187334144
660466342038867969
687409983139495939
693128224960856064
628319096606732290
730939370765754368
614594259900080128
692516224245235712
651044059222556674
544517264054423552
524923462398513152
652300118205427716
656595123590012928
613393657161510913
647168914955243520
676870737932742656
693691456222052352
745236050407194624
612841482823729152
615689290706595840
663925546812837888
693203974388895744
749286768554438658
681199637387149313
692014905239666688
544268732046913536
693061713042771968
693840291992838147
552805488631758849
767861179951648768
655080266784968705
674080899055546368
614650850393391104
765612862681255936
692758581494599681
618805892222468096
692752491482615808
642145732435292160
627828211003469825
716416753409081344
600451916414484480
650037735579910145
728038172270198787
652982112870662144
651486105628463105
552802654641225728
544518335019229184
544358533819420672
676955015265837056
641050980985999360
614618682543616000
692796451987034113
672488384695279616
616421546702336000
664000310856310784
693853310479155200
714577521992343552
715256242990505984
693641113693884416
761999790892806144
692826642583019521
645711628046995462
668144671772778497
693171092555431936
544274934835707905
715268937873760256
658938136299511808
693761289601060864
727588444000526336
656818921979310081
649903655160815616
552791196247269378
633961125126668288
552792913910833152
723198441690636288
672632863452299264
691678576018657281
648993731169939456
766789709045518336
693935557009801218
730516765525082112
656834590779289600
693129259334909952
732004388181434368
726442550266044416
616481759329427456
727623131494387714
765887221736046592
544282227035869184
524922729485848576
665309822208729088
673664899571060736
766808183696351233
744390771869102080
723644048867774464
672539897899577344
693041285087756288
654351281260113920
544513524438155264
742050150307246080
641191076716417025
727834854931435522
688755462783782912
760928376668454912
707412869860696064
682999206290829312
650254360727973889
659439879701602304
652349108653551616
552806757672964097
635632641635667968
614494460747997184
673872171341447169
632377165477191680
524944399890124801
552834961762709505
629209452793626624
614605997953404929
544350567183556608
743126914794037248
748640007934590976
615346611955183616
666497286663503872
648894687542034432
614610364702044164
752875379765968897
524943490887991296
658065957823324160
672432930426372096
693315824132685824
728627623488786433
764906140257837056
544512676643500033
767203096472719364
654343805081157633
693897857376632832
693546915892428800
725174535897620481
780436430732525569
692550140754841603
652000523525091328
650952376954650629
767459987476054016
690969315470868480
643225207705075716
778299287293816832
658755852199927808
525019752507658240
693844030589902848
723365789378584578
763964234774347776
604625816992002049
634404792241143809
524931324763992064
673079581520318464
622891631293935616
553588178687655936
765859710503378944
689890946683576322
767092161716350980
638047610973089793
553476880339599360
692838430783332357
764497123530375169
693119705469587456
626770498328895488
691632238035886081
658259426172891136
707310135291416576
661229627734667264
525025463648137216
614467824313106432
726043971911213057
693466451081060353
654371696195993600
755439197125767169
647169573599449088
614616994499788800
723025600810766336
614620298877513729
631388553801564160
692833140428017664
693811101146963968
544515538383564801
724661834419048448
731166399389962242
692743102432346113
669613420665159680
648310692794109952
693146363685642240
731093044460683264
693606934050684928
614617234942656512
614615157730357248
673611867181473792
701514249269542912
767803368081358848
638050997340893184
663817239896821760
748543642323783681
688366079396163584
614593386188828672
672169954016403456
659462980476637184
692803280238419971
693013768738115584
641430951403343872
759460236042305536
715254040289021952
751536167183613952
666810213274689537
524923676484177920
693939356390653952
649889459836710912
641443248909754368
620367840902782976
544301453717041152
553508098825261056
553590835850514433
552811386259386370
614604054552018944
544319832486064128
644329878876237824
647169726158925824
656955120626880512
767814876433571840
691995324752252930
673581371458199552
553586897168392192
728207861050970112
756282236375277568
692940257134653441
687537772970684417
614610920782888960
553587672137334785
688751061503442944
765739657908850688
626898253900943360
693869818366287872
656880145769197568
675193315306905600
672102358516670465
544399927045283840
692758050378256388
690580180805509121
767754921403899906
761573188543229952
757367391202471937
693441093048766464
552832817089236992
544291965513134080
767859423150759936
553512735192141826
544324444773433348
614494170590367744
553586860334010368
693534670428971008
714567472712589312
763520953619918848
724603564946010112
775672628493357057
552783667052167168
690376107825192960
766752508312166402
693141729529184256
767541796410839040
692157602554343424
723915846985342976
620916279608651776
689641419825242112
544289409294553088
693555965019492352
626897206717624320
524935485370929152
672433211604013057
644229386149888001
675064077367005184
755447443009916929
633823543541768192
658462819667615744
650975967146602496
618449248179191808
656848877463560192
693804277031157761
716451800581279744
524952883343925249
525049639016615937
553535829017370625
715255507506892800
692665281362202624
692106491365605376
724044187113512960
714560810266132480
524947674164760577
613023744454475776
692368829368918017
667534186450825216
774833492865593344
553221600955621376
552792802309181440
553587303172833280
692702295281262593
553476490315431937
757450526153900032
651402689352351744
672180526946656256
544271284796784640
656047932093763584
614645853291155457
619242759359037440
707405809181917184
692150118921957376
656825206045020160
705092738224525312
580348081100734464
692540218310803456
692082592380751874
637382230394822656
716439952922312704
652992524504600576
715671763808493569
544358564484378624
686657138270277634
637868242560638980
748558349139058688
693456187036037123
553558982476828674
693071538896162816
665379967757324288
763430916236640256
655432919595548672
688004802245214208
714851393861881857
544319274072817664
653285570383335424
614595106906226688
728273551883534336
681147789653356544
691608761128067072
544289311504355328
524969201102901248
716092408920936448
642465192408940544
614702244001382400
525068915068923904
615592870540488704
780882510645370880
649974380416618496
661870323034431489
655812191233417216
724703995147751424
701872343736520704
651321040119963648
688021039322894336
740748123581087745
714755546285477888
675065047710892033
688428083540553728
663722803489808384
544391533240516608
643139873264812032
544512664769396736
666107476526432256
675043569367982081
693076140278153217
613194145423826944
673686233936072704
666633171325353989
778681502825451520
763428684850094080
740791134146965504
613404935003217920
725070832494624769
524925215235911680
650128194209730561
663515735231062016
553587013409325058
524925987239120897
724320681517670400
764931593303646208
701975210044497921
649881917534433280
689867195657101312
692874200927698945
633949800761700352
544381485591982083
675005503160901632
656523458139045889
614607711368519680
498430783699554305
671181758692507648
688819658057740290
755475529294352385
615840865815298048
765779159176077312
690042063958732800
767129248045948929
594687353937100801
613114185505996802
614624331717545984
640644123339431936
614054616154550273
693502060545703937
622858454949040128
693843042546106369
524941132237910016
715253497462145024
742571519105077248
726190016435728385
692911086920667136
724624672604610562
544277117039837184
614671961801785344
640118021101604864
524925050739490816
673615263040798726
689267711856263168
629503919098429440
553590459688570880
614614133410033664
634943791934406657
614648099542204416
693466724822323200
663744139666804736
663904307113275392
693586539562037248
623599854661541888
626642648179159040
614594667225571328
707300612862566400
544282005941530624
693135382309896192
659428447459110912
693265096278163456
693080409282846720
662430295254175744
614608936491188225
651786568592658433
544278985249550337
662151653462790144
767561970182598657
766541461189832704
727854332188577792
707786906189303808
666070802924617728
618804516578680832
665364878287224834
672219174463275008
676067381299576832
729647367457230850
693200309955469312
672927317191229440
714811995573325828
763896522790440960
653250169752977408
674014933235859456
525025279803424768
766323684076322816
755548076438196225
645362146415525888
692023855926374400
676586804242309121
544278335455776769
661251968078221312
689938201193115648
524995771587108864
674301960787505153
693321561542127616
650046859537448960
