536804445678755840
531973383198887936
490080544949276672
692537942439501824
510922415468449792
524176293450223616
766719302401613825
524586367456919552
727623131494387714
693476901772513280
767737100347191297
490136764619948032
544333764814323713
517053056211357696
525043936331857923
766307327922335745
489872119158046720
692734579141185536
500286058664579072
745236050407194624
726190016435728385
707308274270539777
445495350171013120
687945926774800385
692357775859564544
730516765525082112
536826622725218304
387233034350514176
524168442841010176
524925033626738688
387236601450864641
519921456730607616
703234354579898368
535252460148113409
562093717201616896
689719109785907200
500288349924782080
692217618778972161
693573042111270912
747275598347837440
524320261667950592
553467311261503488
693853982293254144
538847758032310272
525291306000846848
535507913226190849
427944719612915712
366025766183514112
728101712762834944
553575232867672064
728038172270198787
688437279405305856
516361247223058432
509114008587100160
724603564946010112
524959836778536961
500341884678836224
691809004356501505
765934198297362432
534205316620382208
775672628493357057
372489152903643136
514483762566922240
755548076438196225
532231906364911616
691791477912014850
687639526282498049
376874273601630208
692463948076093440
489796088338341888
524976980799000578
640118021101604864
580320684305416192
692854695262445568
689103487880310785
693216311502073856
706933939953344514
519935535083565056
522443333831262208
689529955294777344
407211258304552960
528976109518721024
407184730988097536
691986377584549888
519348106836860929
525029684095221760
692134022839955456
436074888638763008
537484793882361856
517034091028676608
507918114567499776
407223928084766721
530017051025604609
509478961705807872
760120409429643266
524646141938647043
407262869152358400
524958128392376320
766452700049473536
533734824905670656
693091255685787648
691600834707247104
554886875303780352
693658242044542976
407192370040803329
515538937058971648
407244865018155008
505611045897924608
752875379765968897
692047663211085825
724320681517670400
688461902821855232
693718533239365633
687631811560763392
684118654418419712
767068504277344260
764368020391223296
693459931022913536
692709993573789701
524993533212897281
688757736310484994
524929106987991040
692098463262216192
495365942726381568
693676692309700609
407197672702214144
693457310824468480
691380348379201536
767580827513397252
544512910538838016
532284831783460864
528242965915779072
767444114229059584
524998384357486592
514100169307348992
701175292937707520
520299904934371328
550003619303788545
427662266993889280
547509900130021377
692892472729415680
501827465032237056
532275383430041600
524970851675176960
729647367457230850
525300042207612928
707786906189303808
514098833253748736
500270780832174080
407217865973329920
524926472432410625
531161914689482752
525024181218725888
407191058108256257
516729950091493376
692924229017309184
521444489697583104
521790189715615744
515918632178577408
490141776984825856
372901260183494656
387041762331471872
524979548195024898
376982539132366848
652300118205427716
551135925862805504
764449685897568256
489841070818488320
489836271049928704
692506143147606016
692840850141753347
766808183696351233
524987184836005889
693082547664883712
543319210659971073
499368931367608320
658755852199927808
701514249269542912
547514662695469057
685473149291479040
693912520923295745
755523157700648960
570341828479725570
693344498953383936
692742353736568833
407231591191035904
534409916560461825
693121477491757056
500295393301647360
692382471061663744
554343513887105024
522534012544638976
693122199536934912
532851585408593920
514429381737852929
503714147138166784
525041127343550464
553505242554175489
532559937269166080
692881863644282880
507557659206516736
407209892013821952
507263441359613953
407236151167025152
366205297557110784
553098571323437056
514555852351479808
407169699559247872
693921710383337472
742678930516123650
539813330983354368
693605375803813889
387220814531395584
689798164287741953
730939370765754368
514512849876836352
688441130271289350
514039286845698048
525040767317082113
510286132568150016
428366153149194240
553544252563935234
535484342785830912
489867900296368129
489794369487380480
504453071041482753
521821037726797824
526757033186697216
767715524222578688
536738726693847041
551082055883563008
500319801344929795
551123464640536576
531531382611513344
692759090469212160
763404633217835009
407188779255222273
519112613800972288
489854703321509888
693533469922693120
726086935903494144
707332312724283392
748543642323783681
716092408920936448
693408117225299968
693729678306189313
500389488217309184
554688527435563008
532106726539939841
514072132301910016
693240976970752004
524991240270807042
692105324111761408
693501482721681408
504131150429061121
767845555313774593
723511860516016128
693185488644149248
742055437932040193
531131094276382720
532199717594497024
705092738224525312
523123023646175233
532197572698320896
524941041301225472
686493272806576128
489818014364086273
510916725953417218
693899062098137088
551575491430211584
560163341524807680
436001434212249600
524950339074523137
651858133304782848
549964632883232768
547807913671405568
692023417575448576
554655549896159233
576319832800555008
365497016098369536
727187859367546880
652982112870662144
514517213022543872
524983325275197440
544154048950435840
689722724470620161
767094580634202112
407258075502899200
693523133920342016
549124560793374720
568568737621630977
348204426659508226
650975967146602496
692063305297453060
356437941641416705
356268980211687424
525005886272843776
767768054163996672
501774615837163521
524928119955013632
692528931459694592
504131654810877952
531493734358061056
504441156575297536
677950378785271808
552498516225179650
693160939802214400
764620072228970496
692364468442021889
757367391202471937
691351064868732928
699252269414354944
554979642210549760
364383457545162754
536540403109879809
436146437530075136
520630231531802624
356407105953071107
693512850539683842
516411927506206721
693534177694609409
692099058811453440
716461257025581056
692946556396244992
767520433247809536
693071700200722433
524206851450486785
765887221736046592
552848620375261184
516475930097643520
523026678419714048
687630364936957952
527272948680622080
528357165677817856
524930671220105216
693079616072880128
516978780171436032
489812926828924928
525039784503541760
727179214546456577
682629960826224646
524961721744900097
519447199164665856
524958992330522624
693821069879160832
757190314880884736
500280422295937024
562313802369073153
511330322831507456
525285199530455040
687956181646753792
724348906096590849
538133250066366464
529857740059860992
532007252677656576
497073936077959169
513015596879867904
538010064591028224
499612545909415938
723521076446142465
524950264303075328
539658034382123008
504109775358287872
500279160795721728
525327108520673281
687734662249246724
521882110789824512
689694470779097088
513922322915282945
714998347111669760
693594331735683072
692792765852286977
524930365400821761
692491478619262976
524940659778920448
387030572779847680
407159686786732032
524289058290159616
742012307694223361
692376812022792196
693098795022725120
715255507506892800
764653644138450945
566999951449001984
514540926640087040
348209998565879810
687911282922631168
693140568143220736
723644048867774464
523098334421319680
651044059222556674
524211911668543488
531900034863091712
616686132387028992
536835346932441088
514550436377137152
524946179390701568
387021726007042051
690252631822864384
691410231549530112
688752484966363136
510931521306243072
692113799546048513
519867098945044480
665498651742085124
407275991610818560
687766167558164481
507634536176300032
693711272014155776
516394449065496577
763738618573623297
500413818368184321
531530591427391488
534303066867367937
509464271118688257
692290126282649601
693807822971236353
357299879070023680
436160836524965891
551942365901250560
534364937939062784
537378640653475841
752965545528528898
407205235682050048
544567299102244864
500308076004929537
524949828711620608
693622130735484929
553008832784642048
513749585391390720
692287441168900097
407269894938718208
500298752469770240
489872500462190593
693456340790804480
691976624665919488
693284114724700160
523535962962280448
517038566061658114
531568534066057217
504304227246538752
524757333608394752
560873850846846978
693139276708585472
407181813174788096
693600369281253376
551099691702956032
555072815154475008
517487705978966016
764473554431725568
693118410444636161
542860306603868160
557885928417816576
524144369235140608
372914976102834176
692735354240114688
562256876763901953
653285570383335424
548672230134382592
509466295344304129
715671763808493569
532319110458118144
748558349139058688
727854332188577792
553115236992290816
500327106824245249
693537938425171968
524317344730869760
407264593027670016
550095745161134080
538166788484509696
524923293711998976
656361703664451585
518866406512025602
517850508380618752
539833716852273152
427689948398231552
563117355254161408
688096910217879554
496698590153416704
516804849619705859
692707593991643136
683731779342188545
489968646014246912
544939287222165506
523555724807262208
576513463738109954
728273551883534336
553212962044149761
688814621034213376
644321231618076673
693411834808946688
544698560655400961
726442550266044416
536991428694376448
574004164570841088
407253554039386112
524935246647926784
529747368087126019
514109888138842113
504478567062056962
514468018970034176
500278294055768064
693916809125351425
532203605236154368
500332933098385408
693204708933160960
748640007934590976
519311120914722816
701975210044497921
547587399728267264
503609826128044032
550279538278543360
535282587325833216
707412869860696064
538760398003253248
764573523713011713
387050178932654080
489796998615547904
521772674155286528
778949749156245504
655815788675399680
551159366876147714
407205404075376640
527162170531151872
692082337333534720
521533372280369152
693107789007339521
489802446001434625
495305620342714369
565999191982616577
551103664124100608
538724882461097986
693925198630821889
518665533089406976
553503184174710784
334722003057647616
524981436252950528
757748522481491968
542320823915536384
500378522788315137
707300612862566400
531659884430106624
692566765822435328
560474897013415936
522692223952228353
535257207991205888
692922211338981377
690915657106526208
531833233143783424
519375764165509121
690137637810761728
692440373449396224
714811995573325828
80084555733803009
692932696645865472
686701278785843200
705093513076015104
524152657783820288
516390549012480001
692765809425408000
692134721195786240
507257950868885504
553099685888790528
407179055763836928
560442390805090307
516435293235183617
691006265137299456
693122701569974273
516682897864916992
727588444000526336
553470492565602305
528676615207653376
525032872647065600
766299795833102336
552457656666185728
532275347413544961
522453569702989824
516386101766782976
756282236375277568
510507736287961088
567596847330373632
528237933661544448
455525437351800832
356310469390245888
727966590084485120
489970164469751808
524950507023245313
524952094986350592
387309869080281088
519131101798100992
540333359793451008
500294803402137600
693102420688121856
514517470238240768
688502260779843587
767300637012951040
407198255793987584
365056836476481537
551097831851687938
553264892799488000
538408710084001793
538346377794031618
549927969032916993
693722259740069889
489794696013967360
732004388181434368
407156621450571777
501881262240694272
675434959939756032
491200302365040640
499366666300846081
693629063932596224
524927281048080385
551128385850601472
693116426824093696
506784541696991232
697992796565741569
407182466613792768
489820657291911168
685232704774787072
527308173112139776
543436472842334209
524965786059026432
489887806018183168
436157398269849602
500371149713178625
407169212428206080
407279190913069056
524976106861236226
693087256727388161
689922870689009664
516420964834611201
407158558158254081
566089610485579776
551120768164462592
386998038004113409
716424773216022530
682548344690970624
536849906997415936
693484841011060737
500307001629745152
693792605755285504
407205009676587009
692510002586714113
552677176873455616
693803472806760448
568075025418317826
714851393861881857
692405195796529152
514451906211893248
740791134146965504
516321020815228929
407212665350942720
524947149134774272
510916464631889920
516545908813475841
731166399389962242
517051126466625536
674713782778654721
522684367647559681
525116411887513602
561952533942661120
761355585724055553
692818857187213313
524925124303396864
521777301470871553
516358319317852160
519178213441167360
693662456393134080
707420972173955072
544457299667202048
692024256520179712
766299560415223808
509463916586762241
524924619812511746
522815405451407360
365276206381268995
693830499047989248
643807909856415744
528240834660298753
514508854990999553
536915851233202176
509152237503778816
407184707118309376
489800427152879616
518830518792892416
766316494695305218
693686290408181760
765735409984806912
755475529294352385
500319675797209088
693560600471863296
489798219283857408
407290871856369664
767154835993063425
380055172896272384
524933380929245184
716416753409081344
523943647449198592
538137715293061120
531287426858487808
757450526153900032
527295015643394048
500303431928922113
513779458340569088
525009850104037376
688751183645782016
524962676665888769
560207034545889281
764158239089029120
504244627680272384
652349108653551616
567765185407234049
538412662858588160
692031224227958789
358591089462099968
533811170889568256
504450741126582275
665317131597291520
525088864416043008
651486105628463105
509463933564891137
407176055657484289
536558567206420480
538218607822770176
510918747188514816
387031585834278912
693217698482933760
568452856224747520
766358933296517121
531498841158082562
407232661107642368
524291188422356993
554597409351671808
670380354822348801
714503380476026880
693198912660885505
509031495101874176
572002458647412736
536547921542791170
727116900983934976
387237225286479872
693443289370882049
427666815842414592
551106793959862272
516377014790782977
621025025806577664
436215971272212480
529088963420909569
527286846347567104
764505291853627392
728207861050970112
688763993633107968
553103772852191233
538374385665449985
427846006600777729
547803254516490240
500280838710247424
504106473467944960
364589696573124609
514201362729828352
407237676350185475
525077806401994754
725983128444129280
407162181059612672
690431187916099584
489829414704648192
728631482722308096
745365403237376000
507242819623587841
521663202183348224
692745861978263552
692692529779707904
500381163866062848
687617735833026560
318263294098030593
553164985460068352
568571403756294144
676586804242309121
500391222075076610
580325090367315968
544287209730236416
683158807959089152
387006700609228801
554958414905094144
516395112201736192
693804630615166977
690954487322796032
521098692326350848
692453106622275585
533767270091087872
690670464440504320
691700082601758720
500284699546517505
549920761423863808
534278078105944064
520284654755381249
560187970389819392
692391757775028228
436089462326849536
740748123581087745
514062859987595264
524191650420367360
539115704285270017
714531423273746432
532255606623989760
555003887753494528
767463109778894848
351767344097398785
531606992788287489
500258409988763649
766989078294306816
690522824797196288
538861627018579968
407192126032986112
407213772328022016
407173794583695360
712223438698627073
692581635594694658
531193369465470976
407262953533353984
693926742814281729
524929796862918656
504771233557147648
407176873605865472
722885778448121857
525711899359318016
692056985513123840
693481256735150082
386682163862986752
532297096356167680
524263570985340928
524988712367955970
676970570160988160
516861311725342722
504433135036407808
641665203046907904
707321278135463936
693554007785234432
707405809181917184
538975342011363328
544306719686656000
767360696761905153
678277910537588737
524294016435634178
407197113286545409
524976526891417600
80080680482123777
765141361033109504
507354546041925632
755447443009916929
532284428542681088
407170443443859456
407163869673443328
692745208421679104
690920430287331328
516345893139001346
510916647373516800
519078654635409410
524593547807178753
576829262927413248
523566838958284801
531524882325311488
520244836084228096
407164247768977409
692031514943582208
550038665653542913
554722567224049664
536808074431184896
524976963862429697
774833492865593344
505369323922522113
778572032531427332
519530210795216896
523939598691741696
517712193841037312
536962520477470720
749286768554438658
688281442162352128
514495841600811009
716439952922312704
780882510645370880
553190393370923008
516539137646542848
531565935128498176
767330549262278658
365052155385749505
407193347279699968
515598200796090369
687674548712505346
767528171520524288
524699123971534848
542600886653292545
514098803347951616
688520025754304512
532208816692416512
491591245152935936
528822281972498432
550175324634619904
521769631519092736
767482587879051265
549975297160802304
520338188213444608
691889802724118532
348203818741272576
380140114552188928
761027420849745920
693866093123915776
723365789378584578
531833153145823233
715268937873760256
689236842454106113
767823175480647681
387007120689737729
516371936604352513
524944881941495809
693696168908423168
552568163431247873
528341588867416064
691327238353129472
427780584979836929
531648145613398016
552810448324943872
727982226290442240
495366618818830336
762775964224847872
692113839387709444
693629498177253376
489974591985840128
767710245779103744
525033697045925888
501768276523761666
524970097711267841
506118402466152449
558312304753016832
553136604882014208
563123548857053184
499679379820412928
528312406498635777
516425769560866817
693509689418588160
518870005677826050
556541489388724224
523655026485366784
758825535480864769
544510450101415936
742571519105077248
514546272972574721
692046121250586624
686421576904916992
524227209976745984
553474188259102720
524948703850029056
407182194206322689
693214543615561729
436157173161144321
500279189405433858
514535408126795776
552816020403269632
427725166127226881
650710483289419776
501785003144273921
534461459938304001
687617323235147776
726043971911213057
522321383716818944
500394061887709184
692142338890661888
531300385248800768
690926324903317504
692927739066740741
537355288295518210
692267960686284800
522553662996901888
571052823665704960
504419526998360064
529434230938284032
728013148788154368
489794593580650497
693136527816331264
535579674152148992
514081464171102208
407209222850756608
536504515843727361
273278761909239808
693673606279229440
510908595144519680
716457799392342018
524967711492014080
690296550803636224
500363126294863876
544523550519218176
553228463998783488
489836441120145408
687786822475366401
489816746405007360
534678919656775680
499530130487017472
522654603675176960
538129041539092480
650254360727973889
470025166760980483
516856061182345216
531206167302012929
524925730053181440
767223774072676354
436195672677953536
407185422523977728
505657661120348163
503610065769598976
507261372313640961
711994705333112832
640182854928961536
524925600318754816
691667941314662400
524685073979678721
778681502825451520
692336523090509824
387010299536355328
524937542131793920
407161635439013888
765631087867367426
553549686129561600
693032076543655936
387006553124896768
407169885345943552
514067907475959808
357300409292959744
763896522790440960
504652021601800193
661184793342775296
521788572933062657
689100941119848449
530943279161155584
761675705956655109
691299810553384960
534392174876839936
744390771869102080
523126268603031552
407191144880439298
688763099298529280
688027085730897921
482880640560271361
