544318880001560576
524975642379816960
553553724548059137
553176753297162240
524947674164760577
544293021995393024
552833028201144320
544519694401941504
524980504324358144
553149163181838336
500302577557573632
552827164677373952
580364973664309248
580323456996282369
553488054640340992
544513292576641025
553476073703620609
524956129017995264
525020733622464512
580320684305416192
524975847846203393
498269289812856832
552802128688078848
544336432609775618
525056576038518785
524942353355005952
498452664527511553
524966946467749888
500298091627823104
553152448077258753
500359312447787009
499529014797557760
524927281048080385
544356579098001408
544276027644850176
524964929083023360
524944881941495809
525067500447612929
525029433632366592
544509086998749186
552790838015979520
500359377585704961
553536397731442688
525033697045925888
500369479482630145
544293770926120960
552817345887207425
524937594090844160
525011747007377408
553492417023057920
499701423135678464
580331192316198912
552821570423771136
500316005089181697
524928878075457536
500354853680340993
552831230735962113
553591494255210497
553151700950065152
544349042952916993
544519849507307520
553160909208559616
498259432237969408
552842762505428992
499620598994444288
500335761615355906
499674991294951424
581377529124130816
524955062486196224
544302821450207233
544436666661085184
524943658748219392
524991067675189250
544415816851021824
544301453717041152
581295422414680065
552812623658762240
580336326634962944
525028522361114625
552838074636718080
500309222635360256
580356429615337472
580883793709547521
525048987649576960
544392718601183232
553540739058376704
553192366098898945
580343473607438336
553174247506706432
525040767317082113
544380899639689216
499584618165567488
552814770542628865
544307776135364608
552788945017516032
544284483453595648
524994218964815873
580324697415360512
580348878370828288
498609222020780033
553555593034596352
553470492565602305
580323498905702400
500388477763325952
553206304396038145
544374511194632192
544278335455776769
544296671950020609
580332832544976896
524949897221795840
553471193110421504
552818799095730176
553586538928676864
552812847651377153
552982560146726912
544489539348471808
500328583194509315
524977651476623360
500378522788315137
552824742097719296
544467710923395073
544504954334224384
499649754822103040
552834842837409793
552805799106732032
525059348574130176
553233728030650368
499585144416514048
544275733607366656
500431179925823489
524951893467234304
580398796124876800
553506608203169792
525047079325155329
553551279620755458
499579905508917248
553588080964558849
581063145256538112
552795585095671808
500363740311982081
544502782267752449
524967510563889152
580351604831846400
524966770428243968
581107798932631552
500296692713783298
553169307824177152
544290967369428992
544288799711592448
544455370476109824
499494187969298432
499698357397237762
553104503520890880
553592023392202752
553161458931236864
553227238829981698
524932635177795585
499345023721537536
581286157151039488
500360018928353280
553130148107943937
544292670336925696
553490160344502273
524932574909857792
544363471660277760
544391790615605249
500384777514799104
552823014866563072
500356642329071616
500358655834062848
498480911243948034
580329875891974145
544350480780914688
553535468290453504
499484255869612034
580319206400475136
553473369539366912
553165824979386368
525010245811466240
553495137314435072
553128245420257280
581411131547320321
499696948296028160
498294815579467777
499622667142844416
544508411178536960
553122359398260736
553531783992868864
553166766977740801
544307161589772290
544282355989753857
499663992697417728
553531343834202112
525047767325220865
552801028262096896
544268900351766528
552816497740251136
580326978546495488
553589860892942337
544289941996326912
498499836900278272
524937542131793920
544458558432350208
553171877464920064
544519298015039489
552817785949396992
500279189405433858
581303832895885312
553587278564823041
499696733979688961
499512318410375168
552786340958715904
544346359948910592
553185370108878849
500320680810795009
553480333954678784
500359508531884033
553499806883381249
499381843955707904
544505129810944001
553592040374947840
544518803225604096
553589606307090432
544356122082410496
553144712920834048
553542628097019904
552798654495354880
500357314722156544
553587920398221313
544288661253398528
544520795511611392
552834411553886209
524948206023880704
498556324868009984
581404604677660673
552829306439598080
500073002101665792
544309497041133568
524948268355051520
524947867975561216
553540934118694912
553143017922912256
552811735183552512
553151506556653568
553231667523883009
553176929411825664
544515671347200001
544519245087121408
552807832257835008
544471218951581696
552984502063337472
553198268436344832
544305999994421249
500393439482368000
552831974784905216
544495155198181376
500278858156085248
544469470568148992
553139825008599041
580322026029654018
544414686935285760
553107921081749504
525001895631654912
552805069956329472
525012689568161792
553589970775343104
525026219100995584
552847627319259137
544393889113600000
553591411602640896
544516514519343104
553207267685060608
553203041705664513
500376174095511552
553590653784195072
544473507594113024
499659628645720064
544493536771854336
553523303453696001
580371847335821312
544494408515608576
500347114975944705
553517053110657024
544496062321664001
499697729225105408
553588889084891136
525029954908860417
544290780991725568
552791678881660928
544401599414943744
552823940440403968
500382437655207936
500278485001457664
552792913910833152
544512910538838016
552819064301961216
544296772592336896
552982613288157184
552829481962835969
552786099899494400
544277516773380097
553586860334010368
552795566242279424
552791196247269378
544347292493705216
553585530504749057
553484365012148225
544300674448887809
524935758143324160
552812811651272705
524925215235911680
498259903962570752
498250100079341568
544490782183657474
552802714816905216
553535862911541248
524933600433938432
498248415223246848
552814978823385088
524981557770350592
499511714438971392
544514538797035520
544427133398175744
552843136238899200
580371776619839488
544411313779126272
524956294395224064
544292910578278400
553137476135432194
552817783910961152
498301902048997377
544410079043551232
580697361799876608
524947424482435073
552840037642297345
524930499790131200
525025552634494976
524969963850051584
580319005703069696
581249720376553472
544493466836017154
500288581081260032
580884605097664512
552826724774592512
553110339236409346
552814213081866240
553582011324329984
552827606715076608
552982813671043072
500426667446513666
500283291493494784
544450710926934017
553478142791548928
500309193526882306
544518044643770368
500326873407455233
499377813758443520
499673142114013186
500375839498723328
553186026811039745
499507509171060736
544320939245043712
552813461953323008
500308705083400193
544518841020473345
500366333461422080
553193480319942656
553141087725170688
553144964168036352
544434450918932480
553161401733496832
525021697003782145
500278365031370752
552806937470201856
544476808566276097
553570914143854592
525023642007371776
524993523746373633
500322486362202112
500322242296041473
544373504419069952
524959630158725120
553106869615472640
552984511051751425
544285508441231361
553534838880608256
500369391339724802
553551286793416704
544396260740845568
552821475066281984
524939347699585025
552817675408523264
524947716393414656
552790371848040449
499397048878501888
552817490263572480
552793552376569857
581063957684850688
552814845016694786
524968466559033345
552984231748829184
553143987377561600
544460097146331136
553542337553764352
553145690424344576
499584606878715905
500413818368184321
500260514807947264
544402515085623296
552806757672964097
544269749405097984
544296007589433344
525035552643751936
544511811404705792
544372545219489792
552819350504493057
499691556652449792
525044678765187072
544270745744846848
552848426812313600
524978196589334529
544401573968097280
524947030616313856
544448991518130176
544305745416581120
524930575472136192
580327960638521344
544293177596067840
544356997718900736
524962072262881280
544419008615702528
524941720249978880
499362441697193985
581247332282306561
553546679161745408
580336849534648320
553220369721483266
524941041301225472
553159773555023872
553478289474740224
553105460887572480
580882121222434816
552808904137408512
553529935789559808
553134790925619201
544514127197388801
544409517224898560
525046462460477440
498512372584415232
544428421745741824
580317556516483072
544378769952505856
525061787860103169
544291804057960448
552795050502270976
524934941914968064
544518590104621058
553588946039746560
500319675797209088
499394221984714752
525006847095615489
544458458527834112
553157352091025408
552838559393013760
544295960449265664
553213740137467907
553535441828605953
499368426931228672
524980579956449281
552810477940932609
500295393301647360
553515827073261568
580321350750990336
524947964620701696
552807027781947393
500251535943942145
544309283048144897
544511676088066048
580337583508570112
500308708988301312
580349424058175489
580320825351471104
553589051044151296
553554351633858560
544306591235710976
500283314230419456
553221600955621376
544378468931076097
544326597055369216
553149347777753088
500336373833170945
553505371290357761
553162401940770816
552808487924011008
553218001181605889
500417151346696192
544492372088717312
552824383816073216
552807658869493760
553186515359379457
499638207987089408
544290752533393408
525026031833718785
524949443607412737
552784898743099392
544510827433558016
552850725467082752
500332042648055808
544273885437652992
580368417556992000
553159290987364352
499581469027618816
524964948683005952
544512867144192000
500353815132897280
544340578528272385
524948264148160513
553177321218514944
544294274674593792
552796522904297472
552806056154644480
524937675115999232
553156988356820992
499651830951841794
524969144832491520
524967727266398209
553538939454509056
525045145079533568
525069189447704576
553098799380717568
553169622762262529
552807191775043585
544326741674967042
552831978522021890
544354175900196864
544511130249744384
499362949166030848
525057606151602176
499571799764770816
553115176057065473
544438309267578880
524991832451981312
500315291168276480
544355218251452416
544515538383564801
553126072905383936
500290456845299714
544360342995099648
553584868685520897
553553813542797312
524931019745812480
580330740086243328
544516164333080577
544521166543548416
500281094239817728
499383640267423744
544495167836016640
544409519380758528
544514570367168512
524935216134369281
581062604988162048
552791034447794176
553222048924049408
544313132865159169
553176976698376192
553512735192141826
544377046030635008
499678305134448641
499445575956578304
581302544116379648
500318003024494596
553207514222063618
553518472798683136
552840740007866368
552822604206460928
553517713147301888
553591841996951553
553163210715844608
525071638464049152
552811319079227393
499439795618480128
552835988540895232
544319832486064128
524987107081977856
524993009440403456
553588374280601600
524938857180303360
498274934553317376
580335102313500673
580318210609696769
499699366660423680
499698366402789376
544500883963518976
553493510306152448
500389488217309184
500321184269881345
544447757860483072
500396366829735936
524949733983657984
525039002307424256
552803839490150400
553218083410952192
553470140042735616
500339209715335169
553200085132009475
499696525808001024
553118384540643328
524949837729787905
553539778088816641
524934142958788608
553136845589319680
553575984054951936
524976773671292928
552830433688571904
544310853613281281
553193866057506817
544301025079730176
499692589143298049
552816600995614721
524924954287296512
544279103864860674
544282005941530624
552836968410021888
500280249629036544
544361266718846977
524982531075371008
552833681111658496
524955871689052160
498473515302260736
524959390332239872
544380433014591488
544497137221136384
500072334578159616
500312670260957185
544308156625481728
524958384060366849
581258923065389056
553181997041217537
524931324763992064
544434964985421824
525008463819464704
553535227214438400
499700579527299073
524964989975937024
552802654641225728
500278978557804544
553119235904643072
525017500061536258
544341124614459393
552805619301097472
500361302238564352
524937560276344832
553146494271094784
580318669483413504
553561169923829760
544358564484378624
552787361437057024
544372257674788864
552811438994378754
552833941930274816
499703127193305088
552836975741632514
552832232197746688
525021050627973120
553537939041701888
544299439087550464
525023912221212672
499408845127819265
498616975850225664
500279571988877312
552831705351225344
552812140479148032
500306837103968257
553170912129056770
498575704582148096
544285712653500419
524930538009006081
553528740618436610
552830684021424128
544283772569788416
524950159160250368
499657337548701696
580342519516512256
524986820850106370
524934300459077632
544508543152304128
553196453938855937
552814767417876480
544351885298130945
553493222052605952
544379366474403840
524963649455407105
544402024524038144
524995771587108864
580324027715063808
498255816034893824
553561762466115584
553174789561389056
553589880245481472
544277852968210432
553589295525941248
580332232121933824
524923610851729408
524966596897685504
552829637215408128
544515665319976960
544520042810200064
544343625069379584
581546828954411008
499647059688173569
524935816603107328
524937204552843268
544323450270392322
544279262547935232
500288349924782080
552807783385800705
544294794139533313
552822450824962048
553583847850663936
525019265888702464
544410895602839552
553157600225677312
553529334892609536
552785367972450304
552784600502915072
552816539175763969
525035564014526464
552849157694947328
544313043463987201
524972277406773248
544387886611570688
500367591773179904
499606278910398464
552821287933202435
553574501964079104
544282015487787008
499598154581303296
500286865963245568
500335927248429056
500300813835988992
544287902079803392
498474035668586497
580321169271877632
498280126254428160
552985855854661633
498507730395484160
553147368913506304
500303238810574849
524966565788520448
524929796862918656
553534768537939968
544521260840267776
498254340310966273
544428943080951808
553219047048105985
500309745350508545
553157114156560385
544419788739461121
544306402731507712
544287991959539713
552797729504886784
553584292090359808
580326871302316033
553212962044149761
552817151112142848
580883864521818112
544403564077260800
544331094523662337
580326045238333441
552808071387701248
553563780928770048
544384498947719169
553586959596396544
553555156391186432
553574650450825216
552809336360419329
500294693356175360
581247335998431232
553474514496278528
552816020403269632
525048557569454080
500246996163129344
553172769819852800
553129559173115904
544280650455728129
524945879455653889
524965723672961024
580330986220687360
552787321561812992
553141935482093568
544280217104031744
524953110285152256
553162589744926720
544280399044960256
525027317551079424
553123329561743361
500386978467414016
524953569762766848
500324234821124096
581061272856326145
552841157785694208
552823029680852992
552812682626465792
552819208212717568
544469609433563136
544520434767503361
552799062421164032
553234578086055937
500350777844457473
525021132022628353
500282606316158976
544294692456628224
525059810312847360
553496489641902080
553531781690163201
553214939838836736
544380742076088320
544508900595499009
499430225043009537
544377463581581314
544511736465072128
552846544320618496
524985687704338432
524983366261936130
553591475830009857
544421653128556544
544443739800731648
552809042687819776
524987851046658048
498300128088694786
544287209730236416
552811408094945280
544372177965834240
544269997745242112
553229956830875650
553515399438811136
500280838710247424
524938107142283264
544420375224791040
544420963429797889
500277940253634561
553486529231089664
498585089828478977
524970731202166784
499689349420568577
499472596853743618
580359405620858880
544401029211496449
500361847070269441
552839800433410049
552838568717344769
580326012749221890
544340812448804864
524958743000125440
553105121526427649
552818821460148226
552842837516386304
544320179560525824
500285919539511296
500358258654470146
553122276913471488
552787599031828480
552833236389199874
553172148085620738
544511773223968768
524955385480753153
544300178443100160
553190729447919616
553531316797718528
544486142763347969
552845250268766209
553550301886955520
552849316021551105
544391176137089024
544289409294553088
498463733447163905
544515850963648512
552981296839131136
544386515171020801
524946921547628545
553552825431883776
553215658784456705
544323086841954304
553544694765215745
524960814944747520
580337292838981633
499660768908832771
544266241511133186
524957429889777665
552787144373460992
524961561677680640
553553173743677440
544406902990323712
553551435762503681
552810855503757313
525045709402148864
500301418406744064
500363831957135360
524946336190586880
544515072203444224
553591303582523392
544333172180537344
544325779199258626
552842642216988672
552831624283693056
500413956230365185
499568802267672576
498507434693246977
544514645571420160
499448210789007360
553138330557108224
553200769671761920
553573875528007680
552978225094078464
552786016906383360
544298354029506560
525022700923019264
499683602452717569
544302448522035202
524943504192311296
553571432475951105
524953840127574016
499601812005998592
500347484154372097
525070811439579138
580352417541287936
553202028575731713
552793539856588801
544512398628241408
544376732649013248
552832142397296641
553502180666531840
580337178506584064
499689919929798657
553113509152952321
553553202197827584
552833527444566016
552787231468191744
524954105471840256
544305540286148609
544425494763302913
553234456522522624
552814494381256704
553541988490825728
552838440103198720
552829971631472640
500284377490665472
544351356824604673
553180503969644544
580322653472493569
500311883669585920
524945684966166528
552824126659104771
544422678119981056
552825664307744769
580321327845765120
524936966492942336
524983395026497536
544316576645017600
544377870554898432
524935633463037953
525039876366798849
580346992074842112
544302938374426624
544301624814870530
524955170200121344
524961659685588995
544452087468150784
552851421155299328
553487625815064576
544277117039837184
498272364560257025
552817293969739778
544513557912879105
553135106609922049
499699779426066432
553165418639413248
553556728651210753
553098571323437056
544309275141885952
553587546614427649
524949526487265280
553109813807575040
524987184836005889
544379738240720896
544281014768795649
553475430897156096
500287857727377408
500355828227252225
500297243371798528
524924346411020288
524935085863481344
552837484221300736
580882302621843456
544372701285351424
553538058440941568
544268186292867072
525067386849091584
500293392060780546
524971492820647936
500284699546517505
553542208214036480
544388013141143552
544503217107648513
553558982476828674
553139203320860672
580364236330762240
553096753898323968
524956648151191553
544516530160300032
500319233558192128
544300361360498688
500339591392817152
553588178687655936
525012912562536448
499706065769201666
524988712367955970
553205691742425088
553173371043995648
499387698390790144
552816590463315968
524950264303075328
544437156505067520
500289088285863936
500319801344929795
553502446769942528
500378223977721856
580320267777511425
500294803402137600
544501464849059840
524954313337364480
544277336422486016
553174536028303360
524926472432410625
499681614549377024
500354471525109760
544307547390607361
580326807704088576
524942149973188608
500254607470518272
552819983915700224
580347646465949696
525051210349289472
500279519455219712
499700083265269763
544385086955589632
500272399867068416
553537380209401856
499613731312005121
553535765997969408
552790742700417024
553544252563935234
524987432656453632
524940030109036544
552834558706847745
544307040932601857
498349598197702656
553524086417424384
544511489869373440
581359544682614784
524933657493250048
544301786849640448
544483003758419969
500398504075071488
553532452472238080
544350087020019712
552792193992519680
552807528070131712
524952808110694400
553574709669814272
544372384690872321
553196571194851328
552805488631758849
553502311872733184
580387098039046145
553588106587545600
544389893120856064
552838551071911936
544459726948286464
544287922166726657
552834996265054208
552792544132997121
524957517294886912
500286293688193024
553589330846183425
500378522398244865
500371149713178625
553222727700865025
544429942323167233
499648409767538688
553137713163943936
544459882075017216
581409613913804800
581387966125248512
544328894812549121
553126953268834304
500328758201815041
580331677899202560
544316814856306688
498300832648273920
544369667096477696
544273563872538624
581318271321931776
544352188210745344
524937968138878976
580336554406711297
553127274829328385
553588704913416192
552816062593761280
553195808930410496
552805450350362625
553503846258196480
500312651797233665
552789521646247936
524937574281121793
544382892378714113
553487971497041920
581296960830881792
498287166909579264
553583035820802048
525023057526947840
524941504796962816
524955159840182272
544492843499540480
580320745974288384
544517624114081793
553586305272389632
580337873691533313
553175336926449664
525027651908800512
544453251068743681
553486439129038848
552820842544246784
524943886553468929
552978184413921281
544287203728556032
500231484725161984
552804408233193473
553590750701551616
580320856905269248
524938433262006272
524934381828603904
524983581983375360
553185062829948928
544350712365207552
544512664769396736
580320645906632704
499590929611640832
552784168849907712
500247666924986369
580337327677026304
544287083343671296
580380219921580032
544301012492632064
524974975623892992
500359983301939200
544464695646617600
524954262657581057
552985912901001218
544372222400671744
544410050572582912
553467311261503488
544283745939767296
544306732475105283
552805735885991936
544297247567917056
580320161082830848
524928297986433024
544351486956670976
553096978788515840
553216909022605312
544416436374892544
524945095322513408
553547659404148736
553576849943826432
553187649943384064
552831101312303104
499687274326786049
524981945131102211
544271069146656768
580377986941206528
553479222434729984
552795773180858368
544290646010261504
553587861837328385
580326111311171584
524961070465945600
525035832336736257
524925730053181440
544511865729323009
499596695705894912
580885624883904512
544462912644214785
544282714237448192
500331472277225472
553127086706397185
581394092648710144
581290271997968384
524922499466022913
552839167575883776
553200573387124736
524961908903149568
544417650680823808
544520932405284864
544271284796784640
525047104239333377
553187683510812672
553200552142983168
500381163866062848
544273459199893505
524961055211286528
544304298243653632
553185825065009153
553570370192949248
524954028287877121
552821977061556225
500359356589019136
553540872986705920
499700279412281345
500270284117925888
544280516821024769
524926301678096384
544373676842311681
553555600911925249
544513339544838147
524977812852461568
524957773810135040
544378515378814977
544400775775289344
581262528107384832
552829386773516290
553219195056693249
524966392702189569
524929893759737856
524947414050816000
544520802339917824
544289880805605376
544440749387808768
524969878823137280
524934507892580352
544513524438155264
553183067670843392
553570203678683136
544334939374641152
580337418550775808
553581227165642752
552814766369284097
499702384424022016
553560219981459457
524950339074523137
544273050188148736
544327577406410752
544269221564137472
544487579048222721
524944544681705472
580335578069209091
552798891994009601
553591084409184256
552786361758265344
553472488462901248
544277728930062336
524958409381384192
544519486167330817
524949828711620608
544284526684286976
500364250461003777
544513035118075904
544272155144646656
524988027425554432
553529101659566080
544408293192368128
524944637489086464
553536269972942849
524924034124107776
500326267640905728
544366723067957249
544279603259248640
553488850363101184
553147120942084096
580337320508919808
552794942759010304
553542784800792577
499699803576881152
524958128392376320
544294639805923328
544506443626741762
498279420885360641
552803792618799106
553118438332571648
552983966932688897
553566026030272512
552822873773993984
553556060569862145
524939821815721984
500242061279637504
553210080829906945
552851679905734657
552807013764575232
544457877688430593
500403838877462528
524969501704855552
553145422097969152
544420349052342272
552841049467400192
544381144620216320
553589657695715328
544294402366394369
552836829234614272
524982699220803586
580332532694122497
580327418084364288
525020620636307456
580325235653799936
553542235661553665
500351760402493440
499607500187250689
553536887349325825
500240534481666049
553587303172833280
552801438821515264
553529796601585664
580320964875014145
524979179235069952
580326073776357376
552802117908697088
544370712639590400
524929106987991040
580327197921120256
552840805678084096
553590459688570880
524974566830247936
525030165190303744
525007169956347904
553535971959275520
524926445496197120
525030696738652160
498292200955195392
499700838127120386
499563566786433024
552787544837197824
544510450101415936
498486826269548545
499553298668859392
580338392782757888
499693411503726592
544508035113439232
544365130138808321
580370275121938432
544515446100090881
500235112785924096
544302827330224128
552827553493565441
544477834396577793
553576010898497536
524975142641086465
544283374911627264
553470733180223489
581314363644121088
553193210269298688
544402785966772224
553567716414484481
524985092343889920
552846938677059586
552817965813739520
580320242020290560
524955304199352320
552820533507944448
552840067199533057
500266427840864256
525033778637721600
552844167681159169
525050632211021825
524939327399559170
553528788383191040
544307417677189121
553586940856242178
524961408740380672
544278913883447298
552824462958395392
553535221828964352
553101858013581313
553545384069328896
553189526177579008
553205427253829632
552807904597008385
553557753558757376
553551225560764416
544338575240609792
581063906682114048
552827349667176448
552836167029514240
544500527720325120
552800045096259584
544275138712469504
553476490315431937
544374018661687296
498272309535191041
552834808121163776
500363126294863876
499575076468305923
552787878351474688
580360165540642816
500302115458523136
580328297462140928
581261457725210624
498296205777326080
544332510440595456
544274585697280000
500420906670256128
553155988917075968
553145755079569408
524969483317026816
553590961486696448
500359125310922753
544355987608444929
552837644959621120
552826150141960192
553569333150896129
544420067774316544
553161476928978944
552791203432103937
544515097625108480
544300088747884544
544508995361202176
525040545870385153
500364290545958912
500350150695743489
553225828625297408
552839416620658688
580364656608428032
524970966842376192
544291965513134080
524927789892653056
498325055726559232
553474188259102720
544385829180035072
544513072006967297
524939378552864768
580352455952732160
544492053900836864
524925124303396864
552848653980033025
544512676643500033
544329204314406912
498356729634390016
500400102125879296
552845671477153793
552810166744547328
544480083982168064
498317138554150912
500382853147164672
525022663102963712
552983615747796994
524940716733370374
524951948337098752
552850514132873217
499695460358311936
553485654030446592
499481575059619840
553534934447824896
544310222547087361
544516142983684097
580333763512705025
581293286268129280
500358907383275520
552822314157768704
553550448154910720
552822544341139458
553546029212389376
500388199064420352
498277231253127168
552836775191019520
500287595403022336
524947744809418752
580319856496644096
553540381187780609
544300945820352512
524974106308251648
500277563072475136
580322453928431617
580319078155468800
544358533819420672
544296985910861824
544382795099799553
544305463048015872
500371231183745025
553147341470203906
525052526593601537
552828400843620353
500398901028196354
544332613532811264
553525290908262400
552815712432316417
524925600318754816
544477802255630336
524974779540197376
525033357722550272
544388259359387648
580333904126742528
499635302764662784
553534707108155392
524964223185850368
580347961256837120
553516364879904768
544483282352889857
499699006298419200
552842580929826816
525036457732231169
544505447911149569
525021358879936512
553474012446478336
500388703114895360
544466920880492544
524943615437848576
553551598954491904
553223992300285952
544352727971954690
499584511710351361
552796091255894016
552817769604198400
524941529928839168
524949628689461249
498302874531553280
524979668282519552
552838710296080384
553194557316542465
544384825332101120
500375545918803970
544328673097039873
580344006682505216
544389986809036800
553487544508493825
544491410439667713
524974885362479104
524951696376487936
524979702940045313
524986649315667968
544296465619619840
553137601457426433
500287479015292928
544387967037763584
544514207933542401
524971124845985792
580326744357515264
553537740588220416
525053517531062272
553199664720543744
581259253429702656
581287562947395584
544341194822520832
544350985142173697
544385641975676929
499700824432717824
544308793623207936
580359809041604608
580883727624065024
498515980205948928
544323127522906112
525058976376193024
553589914684895232
580355192908095488
553549680538578944
500277854341697536
498284334806495233
552834961762709505
544298376851111936
525011494896148480
544512064694546432
544293739221368832
580334199187644416
524993166651318273
552793551231541249
544515584931528704
553487579077550082
553140194606469121
580329153553141760
553181500104269824
500298588992593920
525062993898635264
553225809444749313
553547270264979456
544315472075042818
580365806720122880
499424290748780546
500408607561629698
499706059691663360
580330721719508992
524930851747164160
552803431702749184
552801894092275712
581287795991302144
553542442373619712
525038096086499328
552849116280393728
500288263320768512
544288302254137345
553506985413713920
544337689676636161
524950455743291392
544309177859203073
544287165912735744
524973811092193280
553196953480495105
499693751720501248
552788396733906944
544280707800264704
524935731148775424
553475269873643520
500380881563811840
544317165965303808
524949439367380993
524941318389501953
553153190859141120
500359323588239360
544512691948498944
524925033626738688
525018288330272768
580335398683058176
544489340584222720
552786818853113857
553144428584398850
525006853626159105
552817101057318913
580326222107951104
524950899899113473
553578029751226369
552980557836337152
524981463033581568
524956383318650880
524993533212897281
544299273664593920
544376469279875072
525025463648137216
498504673339666432
544374871812472832
580327692765151232
552844104418091008
524928863714168832
552823949311369216
500299227969646592
544367462012432384
524990180034609152
524976929703997441
553108153915944961
553566829273423872
552798310889566209
581252958446329857
524965406377664512
500357713260724224
544427461136502784
525040492388823041
544409432600223744
544394005182963712
498345343629541376
525003468659228672
500395288335360001
544461661055098881
544510402454110208
544383230091464704
544451181754744832
524966582544781313
544289311504355328
580325043705667586
500358977046474754
580325458870460416
553532980871053312
500331134040162304
500366207552196608
499439571520991232
553017543330648064
580699825030754304
525033443076628480
499697498072420352
499655869412286464
552844593046097920
553566877956734976
544351969658564608
552821069036670976
500379259698176000
544287499397242880
525030117014507523
580359057825009664
544521141335764992
580330454869512192
553215313807163392
544357487911395329
524943721302089728
524935586025861121
552978586559188992
524947475858472960
553501773517033472
525029016001318913
524961589406216192
553171989385728000
552829176018112513
553101388926840832
499695682476060673
581274406804025344
525065123917221888
553151328009351169
544324741239037952
499657584836874240
552783667052167168
553537648938086403
553099800951136256
553554032745525249
500070108099002368
544355924224532481
500309381930844160
580342670511472640
544512108885725184
500325220193153024
553469263650906112
525032872647065600
544506678922977280
544427938372792321
580321948070240256
544390130682068993
553144384737525762
553228535511650305
524946808271671297
544478708741201920
524937330923417600
498480344992350209
580351367719591936
553473704060284928
552815182708494336
580332296336732160
544278985249550337
552813590919778304
499565555645685760
525023025792835585
581288928646340608
500292806175236096
553549686129561600
581315281630318593
544321103875694593
524998906799988736
498274692873351170
524977669902172160
544286686142685184
553216451780554752
553508098825261056
524935246647926784
524931913426157568
553117857609809920
544279950929321984
544315187608973312
580319116302647297
524945170777645059
524965786059026432
580322927679279105
553540617540624385
544272134764122112
524931083797004288
553097004138913792
544405871703240704
553506946054369280
524947971679744000
580339793122447361
544510345289924608
499698828845780993
552832584045330432
544407300329709568
524977321430630400
499705599454883840
525039686931075072
544373694068686848
500231335668383744
544419029905985536
544321934410788865
500361668132892673
553541834975498240
499444325646757888
500298315368390657
500363097698086912
544511915158810624
524982954880413696
498506343368519680
524954661703680000
525047349757100034
544401675789033473
552829580579323904
552834229722038273
525024181218725888
580319999887347712
544398512931086336
524929497205055488
544377502563459072
552991544731774976
544348392944463872
524954586696933377
544520990538358784
544282877278814208
544380980677857280
553198972287082497
553490238979727360
499571347375136768
581132461960249344
552811772038881280
552802606696136705
500368579875704832
552837086425128961
500375440285237248
544445607717261314
552815540721291265
553590891852886019
580348081100734464
580353540725452800
544285296565948416
553468593141469184
525007664544493569
544385535909715968
552792802309181440
524967620588896256
544366824997912576
544353502689251329
500306548841660416
552822696200142850
580324338865430528
553099479381848064
544298346345947136
552825753264717824
544519284740079616
500308574703452160
580364138020507649
552808282398924800
544427333969805312
524954630279925760
552993818816299008
544282449388519424
499531968229683200
553586246883475456
544330174351679489
580323815261016064
553478677359775744
544401374675341312
524962199543230464
500370960093302784
524923678472286209
553563668169125889
524952322703900672
524940659778920448
553209983845023745
500266977814790144
500377145349521411
553591259672379392
580320890086383616
499592320900431872
553583670343524352
552848704819183616
552799317602615297
552821659103940608
553590072373968897
498285529704976385
552845542536261634
524979946218061824
552841460681572352
525045203648790528
553215362058440704
553164303650799616
553533499643547648
553174639158231041
499699479688544257
524947149134774272
524934673760530432
544337761600557056
553146691344695297
524924225463668738
552788947219533824
552804175310901248
580332410853789696
580346824269103105
544282227035869184
553535642848989184
544516101556961280
553493707472011264
553587329626292224
544305913260433408
524983050187579393
500327120770301952
553529941938425857
553136604882014208
498256407980826625
552810804186460161
524967298604359684
552833268362772481
524923148576518144
544513517706305536
544337816298070017
552791332935434242
544508479675711489
580321372703985664
544284078330376192
580369978546917376
500358526804316160
580330660537192448
553218281705066496
499706705354448897
552792131447037952
553480292498153472
525034687245582337
524950584349454337
553561452318322688
553184958958022657
500288971197263873
500394005419409408
552791578893619200
553491540535156736
525027873867198465
544475905926524928
525049044201377793
524934004152082432
544406931897479168
552822434639126528
524981513637888000
544308531684335617
524962142563610625
544301296099270656
544293753130082305
553169114102247424
500269950876286976
544286172109758464
552835288725061635
498494758814109696
544459137674125312
580332485030125568
553216460164968449
544517264725516288
553513403512532992
499647397278937088
544284859628523521
544280929154637825
524959332656349187
544432661419155456
544403765575839744
500289154581008384
500411513727750148
552837610897694720
553546967281061888
553188115033387008
553579224402235393
500367267901632512
524932056560963584
499524024012386304
544445364322197504
524958383468978176
499369948943495168
552841562963464195
524936365427806208
553163862707818496
553108804934856704
552821810224304128
552790875492073472
500175929902395392
544482664515121153
553582301003931648
499368931367608320
553484760233017344
580350426278719488
524985325190656000
553210869010935808
524981427260366848
553575232867672064
544492454016475137
525042177643016192
524959836778536961
544511391349354496
500372391407931392
544384662765068288
552827981069291520
524958227768020992
553544039241224194
552842983247466497
499520839860367360
499360784666071040
544396608704901120
524940940721418240
553590522800275456
544292798887784449
552847427410341890
544499780479893504
524970097711267841
552785551930454016
553105208008773632
553553966970044416
552843349246619648
500270780832174080
524953604717686784
553582049282768897
552851838928953344
544306719686656000
552822812281692160
553227389061582848
580327058158551041
544444409769512960
524923341359300608
553201539737976833
581257660118491136
524983403775799297
524991119164473344
499679142766735362
524943812339437569
524990163446140928
580353986991112192
552834754056556544
552831506041683970
552828658747187201
544288135564107776
524994747883323392
544376300417585152
553223681409703937
500273257262886912
553530558614351873
500292917957648384
544446282559799296
544361776020586496
580336528955691008
544351133120987136
524968337747767298
580366761398239232
498492003903356928
524978526974668800
500404132394459136
525037656820826112
544452299641192448
544285194815942657
544346261365600257
499574200596983808
580318938996740096
553163190138580992
500298981558063107
553543369604210689
499394946416529409
544511300630753280
581299354431987712
525068915068923904
553585840270876672
553540580912156672
553227288859664384
553124985137815552
544511199702822913
544281589749137408
552841006799159296
544516381031792642
553575803733426176
500072155166814209
553586421626568704
552807101442322432
544293694166536192
553496697918468096
544374563539140608
544329251487756288
580336772128870400
499403422278619136
553535829017370625
553473629854646272
500303431928922113
544288773023203328
553587013409325058
524997030536830976
524966572277129216
553586781355278336
525006356731166720
499560002341044224
552791159232540673
580377478184755201
544426670095368192
553185854165114882
524967231902318592
580882417117958144
524991576163250176
553177822312013825
553470907629707266
524958516822671360
552848620375261184
553552772277481472
580338194731962368
552985611070881792
552821862850637825
524948710812581888
524949306101743616
524953918166794240
498473263862149120
544492984880754688
580347360959717376
524991844292521984
553530667821457408
500322373359661056
500290867681587200
553587672137334785
553558131369062400
552839270395035649
498483279943962625
544374395540881408
544365585417527296
524951625556066304
553587708367765504
500257166478282752
544317438079139841
553589055116836864
500180625312083968
525025329916948481
525027539845410816
553590529548886016
580320945740480512
544436750097973250
498284429333524480
525071376084791297
525012247249428482
499699989237747712
544280397472088064
552837078854410241
499690351875981313
500280809652514816
553587352086384640
552825844755083265
500252508884070400
524948703850029056
580334563932549120
524978912145985536
525037540508594176
552831515940634624
500308076004929537
552978476605923328
544379787246981122
544285245600989184
553111820786204672
544390017930383360
500347948635791360
524964279456653312
544390903839088640
544287252306997249
525016728091500545
544288681021145090
524980744658382848
553558513210105856
524989654995849216
524930293921107969
499432557906104320
580322066374721537
524981436252950528
544355417900716032
553555848794877952
553230256992423936
544369501857263616
552802531672588288
544319450569134081
499621957747224576
553548567420628992
553553288625672192
552847905498103808
525002842021445632
552832019940376576
544511693204647936
524947502903345153
525038517844709376
552846886626164736
544352874969698305
544323933634564098
580365368805486592
552980760500916225
524957647653863424
553477943616634880
499530130487017472
525051365195014144
552834640692912128
544518696463765505
544286537299787777
544383649131806722
524926643325132800
552982263907241984
553591653647138816
499702462865874944
499456140044824576
524943012602716160
525019752507658240
500278169828470784
552813420136128513
553536603998945280
498482619232055296
553529196216344576
544333020023754752
544379489263042561
499697648866045953
552830151650967552
544301455952588801
498477676219600896
552808701065953280
525044004287971329
500374427448516609
524981223291383809
544517500118249472
500315532382707712
552789127792717826
544383383095508992
580882674413375488
552810124776308736
581295858898989056
524958599433691136
552801880812691456
544330861680664576
524947416869388288
500255282757632000
498294367405477888
544334431830286336
524938282732642305
525056022046851074
544412083714928640
500385877684539393
524967376719466496
544308888628387840
499693137670205440
552826238407294977
524952883343925249
553130475032563712
552806932176977920
524948866773184512
553589285342175232
553124268196642816
553192641328734208
524955102554361856
499689757652566016
544496262629036032
544319274072817664
580883510103281665
580388756043083777
524975552638504960
552820736490889216
524949887591653376
544410576894427136
552984347754897409
500394061887709184
544419416578850818
581405344288608256
544267656597995521
553558126147149825
500287491182579712
524950404283772930
524957554829717504
553172900270727169
580333906597167104
553101451271352320
553184482241814530
544404673357021184
553562446456422402
552814916567322624
580340423044018176
553151980928262144
553587167394791424
524979070288019456
498277197581664256
580330441854435328
580327611760545792
524946461621235712
524960245509287936
544316904861478912
544284577318318080
552805267990413312
553211397782654976
581264214809022464
552810249263259649
500397785246466048
553538483474534400
552829096816693248
524987150413336576
553151201253294080
524974318087061504
524969137660231680
500287538578587648
544384394337611776
500258409988763649
544293261506928640
553526283033133056
524965165759221760
500421926079066112
544475686740967424
544520273718812672
580321844089212928
553209341520535552
553235360722214912
500192488003354624
544495066258362368
580379486732066817
499366930457710592
500383956362334208
552824769754976257
580352532167311362
544336408144781313
552839385209917440
500327581514993665
500328451929559041
499361965035491329
544362279006113792
525031558949134336
552823108537954306
580331561398108160
544284957766463488
500277526590423041
544316500002484226
498489451954573312
580336661206331392
580320856561209344
524962748237889536
544391085150457856
498355319979143168
553230614712033283
524927695633666049
544293783702364162
544425928290750464
544477048048082945
500378874656854016
524931110279852032
498498431271190528
525031610136014848
553591049541914624
524932792925569024
553106714682462209
553590721207615488
500290977798836225
499362480179912705
552785695845396480
552808658510561280
498294248488574976
544517440332627968
552822944603582464
580321156508577792
553197863971610624
525016983646244865
525041091507388416
553547637832843264
544444021066563584
544314234541469696
553473416905629696
500289307257868288
544402012570284032
544353303468199936
544519635916169218
544382249178001408
580331071457333248
524956372199555072
552985973445783552
500368901365317633
500305514447003649
553480082996879360
525057025785356288
500320316602974210
500352655827279874
552981833189969921
524961362448240642
553585838056280064
524943063937208320
525062013551001600
524936592159698944
552815293349650433
544272537341812736
552845393541988352
553224082213601280
552814460193476609
544504183341064192
553475824369012736
552797638807281664
544514474963922944
544492614838673408
581063816882065408
544510219401703425
500301519854379008
544339368823894019
553114158989074432
524960247518330881
500286059918274561
544280873806610433
580332312354693120
544515999161393152
553103772852191233
553588494661337089
553129378969047043
544465934149513216
544313370892324864
553116915325870083
498489114384420865
553586897168392192
500341884678836224
524976486902951936
552851305023414272
544506628239028224
524955620538343426
500360248767840256
544366934154678272
552841477819473920
553588012752568321
524933380929245184
552812984343330816
553131557892804609
544399927045283840
498277678706077696
552795693682032640
524963878904823808
500281856559161344
500277625773121536
500426437392732161
544340943965409281
500287313256402945
524927356830760961
553514329166061568
524948554344054785
500408184562257920
544451052679204864
553515054503821312
581047170637381632
524974456851410944
544317709396496384
524981565462704129
524935345998422016
524945197705461763
553224764924243969
552838171323817984
580331000573476865
580351083383517185
544279945128591360
524949243883425793
553215879979085829
544483404528775168
500234390723915776
553477692591726592
524952341561491459
552979279039197186
524923480173981696
552824456557887488
553526776878469121
552799591255384065
525024518713397249
500256984768475136
553551934251343872
552980261512949760
544325896661114881
552801958428700672
552845255796461569
581460720900050945
544336537870434304
544304200423723008
524931752725585921
553145603665186816
544271185903484929
544415616753745920
552793679082311680
499687644045918210
581254429996920832
553115236992290816
553540719714271233
524922078638903296
581299253743501312
544513407400304640
553535467065712640
524950507023245313
544388329094270976
553535829529100288
544433739539812353
552833795142209536
544334554631536640
553190393370923008
580338189904285697
553576648973377537
544443027570556928
544326782334558208
544474153646956547
498316475317239809
544367253857525761
553588993993232384
544503881527742464
553162459885096962
544381485591982083
524949026064850944
544391323214573568
553151132949053440
544434475807936512
544511434840113152
553531130163773440
544478625383608320
553218599390040065
500366171716067328
524959809402331137
544389259491172353
499669445548449793
544401106617786370
580882341880446977
553118212813246464
553559793940447234
580349159569539072
544400853298184194
500261600579043328
580362104110071808
552846811359350788
500385868041842688
553546551709409280
544275597464444929
499387993879511041
525021083892994049
580342917291708416
499696137708658688
524995942995746819
552834623944671232
544290611856408576
552792271243210754
524922507380670464
525032520124207104
580370249712697344
500296158476906496
544519594438696961
544495737770618880
552845191003250688
552817711617552385
544285213891629056
544282250503012352
524964457936863232
552799669521481728
544423787949600768
553103334626701312
544307871853592576
553531413459660800
553556643456507904
499705269434085376
498286281894682624
524975093966209025
580319968484421633
544424775939293184
544292146342531072
552836844560609281
544515546633355264
524968330172850177
500271532279877632
552826992509599744
499410965075886080
544428082749132800
524979548195024898
553589610014867456
544300369765859328
544518337498058753
525030963781595136
552837132491186179
544420432099545089
524939818347028480
498292628455034882
552846353416867841
553489393202499584
524949073154301952
544466903364673536
499525020708634625
552814317096407040
580341214098137089
499435341259223040
553552293371871233
524994965366382593
553545906155712512
553133048611753984
544362543997665280
500295333486657536
553556844665659392
544511560249790464
552980288394231809
499598945417703424
544309113694740480
525046443103354880
525029913230053377
544515489016594432
499615655906533376
544470979842281472
500339512082698240
524944788525973505
500274132756738048
553214597055135744
544318036715782144
580320612155060224
553590880352088064
499346625760751616
500358195408551936
553539631149756416
580330560331091968
544427543336464384
552846625467817984
544287425380360193
544355845489065984
553227220765130752
500422971320963072
580334729678966784
544374422056882176
499541439962185729
524922729485848576
544274544174071809
500375190535421953
500239577387659265
524930671220105216
552809418417790976
552827123963281408
544294893146091520
525020326816927744
553151670796820480
552806117328568321
544422134127525888
553476880339599360
524932327907270656
500377906305327104
581325025569030145
544514883484520448
