525005886272843776
544367462012432384
544520932405284864
524944569528750080
500359117132017665
500328451929559041
524926301678096384
544294893146091520
524945684966166528
553582049282768897
524950507023245313
498286281894682624
500324234821124096
524927695633666049
525039002307424256
552791196247269378
524945665827545089
524964989975937024
552979275776032768
524949828711620608
524940659778920448
552808776492130304
552802128688078848
500426667446513666
580884417343815680
524943132409212928
499394221984714752
524952005157347328
553475729187680258
500358258654470146
553477352542707712
552812140479148032
552794157484634112
524942946765131776
553540719714271233
500299904817049600
500298847550472194
544289448150986752
580352540316946432
525030416261337089
500286058664579072
524951625556066304
525062013551001600
580380219921580032
524955159840182272
544495066258362368
500378223977721856
544391533240516608
552827349667176448
524965077318107137
553098799380717568
552827606715076608
552851838928953344
500360018928353280
524935769614331904
544302821450207233
553592040374947840
553586421626568704
498311895716470784
525036393983381504
524979548195024898
544293177596067840
552824742097719296
544508411178536960
499648712596271107
499657337548701696
544475686740967424
544271185903484929
500285938824908801
524935791794221057
500402908740210688
499361679197884416
580346992074842112
544376469279875072
544352727971954690
552821862850637825
552819155859431424
580330441854435328
544521141335764992
544324741239037952
553529935789559808
553521417598550016
500288263320768512
544518647881170945
552811386259386370
553184958958022657
553211397782654976
552816686752358401
553145603665186816
544316384273248256
498272309535191041
498508707244683264
524985092343889920
524943504192311296
544511865729323009
552839800433410049
498248648699150336
553549686129561600
500326267640905728
552784600502915072
552836968410021888
552789127792717826
553216460164968449
552791115599192064
544363222296297473
500398504075071488
580882341880446977
500417151346696192
524987150413336576
544459333983948800
552830684021424128
553192641328734208
552822812281692160
500293511632388097
524949897221795840
581247335998431232
544427133398175744
553591259672379392
553160652567498752
552849116280393728
499696137708658688
553145422097969152
580359405620858880
544482664515121153
524983395026497536
524965406377664512
544294402366394369
544409869990633473
499598945417703424
552809042687819776
500427786159681536
553529789794250753
524975847846203393
552814845016694786
552834411553886209
525046432085327872
552980261512949760
525052332116312064
524933380929245184
525048987649576960
544480905532669952
544326782334558208
580883100533690368
544511783940403201
500408607561629698
544380980677857280
553590653784195072
553117857609809920
544405871703240704
524946461621235712
553121732387946496
544465040666288129
544400853298184194
544520586576547840
499602989133594624
524949884143927296
553219770053443585
553571432475951105
499394946416529409
525036214286815232
552795773180858368
524945879455653889
553560219981459457
525026592788348929
544288009747566592
553200573387124736
544377326122057728
553547659404148736
544338731210399744
524942470472548352
580326012749221890
525039242771464193
500288971197263873
544458427263512576
553143017922912256
580331561398108160
580328297462140928
524964279456653312
553566877956734976
544285194815942657
500072098178813954
500277940253634561
580388756043083777
500369097360953345
553587920398221313
553477554041257985
552829637215408128
553108242856177664
525012247249428482
500284494201757696
553475430897156096
499704667195322368
544358920869789696
552985855854661633
553214939838836736
499702462865874944
544436666661085184
544521260840267776
499383640267423744
552820736490889216
553488850363101184
524951419175309312
544330174351679489
552848653980033025
500234390723915776
553189526177579008
525059348574130176
553501357156876290
552804810463117312
499665704300191745
552805735885991936
524998110268096513
553551286793416704
553572740125712385
552979279039197186
499696948296028160
524957752138149888
544475905926524928
544515850963648512
544436750097973250
580327418084364288
498284429333524480
524943012602716160
544316904861478912
544379738240720896
544301925735202816
524975552638504960
500353815132897280
498316475317239809
544291619084959744
544298121379852289
524971258996588544
524938162900967424
552836444835037184
544516101556961280
553589657695715328
544389493273276416
553230614712033283
580360165540642816
581290271997968384
553223681409703937
552808487924011008
499697037156171776
553523303453696001
544388259359387648
553137849663361024
552826150141960192
552831881847533568
553485654030446592
553198268436344832
553493785523400704
544444539092488192
552832169496694786
524981463033581568
580340423044018176
544293739221368832
544282877278814208
544384498947719169
499456913902284800
553122276913471488
500272399867068416
581287108607811584
544516381031792642
524951948337098752
553130475032563712
500072155166814209
500375440285237248
553177099843149824
553540381187780609
499519439206092800
544312876245057536
552837484221300736
525006847095615489
544330861680664576
544454229960974336
553543032642220033
544412083714928640
553118384540643328
552814770542628865
544364000897945600
499583424114728961
580350426278719488
553235360722214912
500382437655207936
525019469983531008
553589610014867456
544306719686656000
544511434840113152
524956648151191553
544320179560525824
544496062321664001
552817783910961152
500378522398244865
544301786849640448
581063816882065408
500271532279877632
544309275141885952
544422678119981056
544428261602623488
525037656820826112
553472488462901248
524956383318650880
524953840127574016
553535441828605953
553219651594125312
553134790925619201
553164985460068352
499565555645685760
524941132237910016
544518337498058753
580366761398239232
552791159232540673
553127508150071297
581061272856326145
500350150695743489
500281131057811456
553538523266318336
544520795511611392
553587546614427649
524936592159698944
544395613043818496
544388658334146561
499427833102745600
552846938677059586
553165231275663361
552801829290270720
498317138554150912
524965723672961024
499346625760751616
552815387759616000
499699779426066432
553228535511650305
553188382403477505
524948264148160513
553137713163943936
544429350376861696
553546063752478722
525062993898635264
500308705083400193
524943226948820992
544283387087691776
500360244187635712
552813549291315200
498489114384420865
553573365798416385
500286865963245568
525011747007377408
552846544320618496
552814916567322624
544401106617786370
524954586696933377
524993009440403456
544302851158470657
553176929411825664
544436330856329216
552797828977029120
498349598197702656
552834754056556544
525029232691650561
553553331671408641
552849662991151104
524951711941922818
500287595403022336
553542565593878528
524956129017995264
498345343629541376
525019992337551360
552978376424964097
544383649131806722
499700824432717824
499659628645720064
544277852968210432
500375545918803970
580882674413375488
500354471525109760
552817293969739778
500371149713178625
524981427260366848
553535829017370625
544436279442546688
553534768537939968
500296158476906496
544317474498703360
552843349246619648
553484780093050880
524975705206304769
544513292576641025
544301900682629121
544353502689251329
525017500061536258
553229626756329472
498298040881782785
553175550231986177
500280658665537537
544392801836728321
544402012570284032
524949339131904000
553556643456507904
499649754822103040
553569512269021184
552826238407294977
544518803225604096
552851421155299328
498602841335169024
544494058287423489
524949243883425793
524949306101743616
544492454016475137
552978586559188992
580325235653799936
552796091255894016
524983366261936130
553472437644320769
544354175900196864
544519245087121408
524929550493712384
524968330172850177
553175336926449664
544350565283532800
581318271321931776
524941119403335681
553222048924049408
500318980007948288
580341214098137089
553558982476828674
544508666724876288
544463189447294976
553131557892804609
553536603998945280
544391789789331456
581249720376553472
553118198741356544
553198107278987264
544365585417527296
499705269434085376
524981689781870593
553551279620755458
500280838710247424
553583670343524352
524943063937208320
580331677899202560
553586978017775616
552814494381256704
553216909022605312
552841006799159296
552834961762709505
580326871302316033
580324697415360512
544301149348982784
544288799711592448
524971124845985792
524931913426157568
544300178443100160
553540739058376704
500278169828470784
524964223185850368
544517624114081793
552795693682032640
553530524183326720
500363097698086912
553503846258196480
552827981069291520
498286045843435521
544329251487756288
553174789561389056
499657584836874240
544287425380360193
553532452472238080
544292129972170752
544518128798294016
544292910578278400
544420432099545089
525024518713397249
544293783702364162
544284823041212416
553184482241814530
553566829273423872
524974779540197376
552841684485414914
544511693204647936
524972277406773248
500350777844457473
553136845589319680
580883864521818112
524991832451981312
544287252306997249
524926445496197120
552797406094716929
525058825909731328
553591055833382913
524935345998422016
544407300329709568
525059810312847360
580333827425439745
553126492579053568
544296671950020609
499606278910398464
544323450270392322
552844104418091008
500315237375954944
498512372584415232
544355924224532481
553537740588220416
500294803402137600
552810625873633280
544277860555710464
581325025569030145
552796863297236992
524949443607412737
544374871812472832
524947475858472960
553157744061325312
524922507380670464
524958384060366849
499622667142844416
500314788610985984
544503037973528577
552825473160736768
544282714237448192
553193866057506817
498274692873351170
524937597206790144
553531783992868864
544334623023452160
544273050188148736
553513403512532992
552831978522021890
524936872666353664
553151328009351169
552822873773993984
544422134127525888
544360342995099648
525027651908800512
525012689568161792
580320645906632704
553580959661309952
553540580912156672
581299253743501312
524958173245870080
544300256981430272
552848701312737280
553546551709409280
544320992361721856
544350480780914688
544287796719288321
525033443076628480
544316814856306688
553231516290269184
524990519777443840
553518053838061568
544307028815253504
544305540286148609
544419029905985536
580333906597167104
553518024272379905
553576648973377537
524982954880413696
544342204576038912
499655249398075392
544512398628241408
544383383095508992
544268186292867072
499691556652449792
544417650680823808
500362377062547457
581315281630318593
544379489263042561
553487579077550082
524939347699585025
500388477763325952
552803431702749184
498355319979143168
524923610851729408
552817785949396992
499673142114013186
524937594090844160
552830599002857472
498586725502173184
552986187364065281
552833527444566016
553555848794877952
553591049541914624
544401675789033473
524934381828603904
552827008800280576
580364138020507649
524976929703997441
552834229722038273
553496489641902080
553586897168392192
544357264333615104
580337418550775808
553535468290453504
544274544174071809
500358526804316160
544383022876065792
552978225094078464
500289088285863936
524941504796962816
524953017389707264
581299354431987712
553480333954678784
553136604882014208
544350567183556608
499683602452717569
552837147305455616
552823933381394432
544385535909715968
498499795192143872
498250100079341568
553099685888790528
553554835203956736
544369667096477696
553575450329378816
544446282559799296
553120849231089664
544518036255150080
544394858405060608
552802654641225728
524977812852461568
544513524438155264
553506608203169792
552807904597008385
553585504093224962
580339825649291264
500283291493494784
552833658017824768
544451052679204864
553556728651210753
544310222547087361
580321327845765120
499669445548449793
580337178506584064
544315472075042818
499620598994444288
499703127193305088
552831624283693056
553145755079569408
580336849534648320
499697729225105408
524923676484177920
552850533523136513
553221293298819074
552984502063337472
524949073154301952
552801979861598208
552838074636718080
544374422056882176
553165824979386368
553544694765215745
553167429665587200
544482233038286848
552851629624803328
524966392702189569
553101858013581313
581550667753504768
499524024012386304
544462330105712640
500413489882484736
524998881676107776
553194557316542465
500071770192216065
524950395110842369
524943658748219392
553536236493615104
581063145256538112
552821069036670976
552823301899575296
552842580929826816
553156988356820992
524970444156571648
544408293192368128
553199320053592067
553487625815064576
524960814944747520
580327692765151232
544514570367168512
553180071775993857
581295858898989056
500404132394459136
552824462958395392
553535642848989184
580371847335821312
553140613051215873
499611719090450432
524994965366382593
553540934118694912
525041091507388416
581450117972144128
553588760060125185
544492209861836800
524955385480753153
553551148280729602
500280477920796672
500361847070269441
544410050572582912
499360784666071040
544500527720325120
498280730070622209
544351133120987136
553139203320860672
544372384690872321
500266427840864256
500320316602974210
580337327677026304
552851679905734657
544304298243653632
553591411602640896
544376300417585152
544301589931241472
552983615747796994
544518841020473345
544455530756841474
552786099899494400
544511558173601792
553144384737525762
524956372199555072
499699107615997952
553172769819852800
544470979842281472
553137601457426433
544427333969805312
524996383120818176
544290752533393408
544283374911627264
498480344992350209
544372177965834240
553124985137815552
552984347754897409
544291965513134080
544302827330224128
553225828625297408
580336661206331392
499381843955707904
500361668132892673
552813590919778304
552806610490646528
544495155198181376
524993523746373633
544359422726664192
499696525808001024
524930851747164160
581300992194572288
544511130249744384
524941041301225472
524974786460778497
544464812621578243
544300361360498688
552837086425128961
580329455173967872
553551598954491904
524939821815721984
553529101659566080
553157352091025408
552848426812313600
500290977798836225
499700083265269763
553151980928262144
544351885298130945
552797638807281664
553127274829328385
553128325217275905
553469523945590784
552830864187727876
498268463639851008
552785695845396480
544444409769512960
552815575672836096
553563668169125889
525057606151602176
544515671347200001
524959027516932096
498486539585069056
552823014866563072
544337383215226880
544517500118249472
553533499643547648
553540131756732416
500397785246466048
553515054503821312
544307417677189121
499696733979688961
525069912679923712
553493510306152448
544266241511133186
544298376851111936
500382265076379649
524950679274942464
524937560276344832
553169622762262529
553473704060284928
544277817987330049
499576743967993856
524954833648771072
524933399828369409
524924346411020288
499511714438971392
552839416620658688
524969878823137280
553531781690163201
499679142766735362
553492417023057920
553531971457265664
498497395198799872
552826724774592512
553587278564823041
524994747883323392
581254429996920832
552790074166108160
553588080964558849
499705246642622465
544273888725577729
552827164677373952
552839972911611904
544510453201006592
544402024524038144
524934941914968064
499404849835175938
553555600911925249
553474188259102720
500280249629036544
544501464849059840
553474232596701184
544272537341812736
524927789892653056
500266977814790144
553493222052605952
552812811651272705
544513517706305536
553545384069328896
553588946039746560
524931083797004288
544512514651066368
524969501704855552
544516142983684097
524981436252950528
524944881941495809
553589055116836864
499611069565112320
498609222020780033
553197863971610624
552808620187217920
544372701285351424
524936137589411840
544335202923737089
544313132865159169
500386524416856064
544416436374892544
500383514567925760
544419416578850818
552838171323817984
553545906155712512
552850379453366272
580319458004193280
552838440103198720
553554351633858560
552814766369284097
553198972287082497
524934827909210112
552841043423805440
553151132949053440
552807191775043585
553149163181838336
580337873691533313
525021358879936512
580351367719591936
524976980799000578
552808701065953280
553531413459660800
544515665319976960
580371776619839488
524985687704338432
552839843999645697
581303989406314496
525024181218725888
524949136173694976
581063906682114048
552824126659104771
498356729634390016
544511489869373440
553115168084074497
552824769754976257
525006853626159105
580370275121938432
499698817567293440
552832142397296641
553143987377561600
498472666802958336
544274364288364544
553210080829906945
544428082749132800
553557753558757376
552831506041683970
580330454869512192
499613731312005121
500277477986828288
544366934154678272
500277563072475136
524935485370929152
553168792017457154
553230256992423936
524947744809418752
500343812863311872
553590881371320323
552845255796461569
552978225010184193
544509652390924290
553224215676354560
524991067675189250
580337583508570112
500320235841265665
499362480179912705
544506678922977280
544487291465392128
544280873806610433
552846811359350788
500363126294863876
544510784366080000
544294794139533313
553476600985948160
553553202197827584
553541988490825728
553187649943384064
552814983797821440
552784898743099392
544473507594113024
553503184174710784
544491410439667713
499612545909415938
552985912901001218
500403838877462528
500286059918274561
498277231253127168
544336408144781313
499592320900431872
544516240572940289
552817151112142848
500370960093302784
552822783311630336
581479017770979329
524957554829717504
553575803733426176
544374395540881408
544372465078505472
553163210715844608
553136990787342336
544514564407427072
553553288625672192
552819064301961216
544276027644850176
525033697045925888
580329886532968448
553104539898089472
524926643325132800
553190729447919616
524991844292521984
553495922639122432
500363141034020865
499504676250066945
524926279309860864
553466230989144064
552787231468191744
553587329626292224
524957647653863424
544491151118860289
544465862942797825
553541776854634496
544309497041133568
544403765575839744
499678305134448641
498293668655423488
553545782050045952
499563566786433024
553558513210105856
553124985900785666
499439571520991232
524948710812581888
499612195756728320
553096753898323968
580331000573476865
553573432554979328
544271362022338560
499527157023277056
544302448522035202
544271284796784640
552808071387701248
544341406094213121
552794942759010304
524933600433938432
580359480782786560
552795585095671808
544338575240609792
580338194731962368
553478289474740224
552811735183552512
553574501964079104
524947971679744000
500388703114895360
553461741917863936
524970966842376192
525049639016615937
544434964985421824
544396260740845568
524947030616313856
524958227768020992
524969483317026816
500260514807947264
552829580579323904
580377986941206528
524990163446140928
525012912562536448
580339547269144576
553214597055135744
581061237783556096
500390232756617216
552817490263572480
500319801344929795
552820384039706624
499682060793937921
552791203432103937
500292684192686080
552810138114195456
580337826279124992
499615655906533376
544280399044960256
544280516821024769
581287795991302144
544362279006113792
581063377226637312
553147120942084096
499705599454883840
544515584931528704
524961589406216192
500367267901632512
499700279412281345
524987432656453632
544512910538838016
544373676842311681
580882701063979008
500347114975944705
500175929902395392
552832721945628672
581301262269829120
544340091615715329
499647397278937088
524953604717686784
553567850301231106
544449039433883650
553545857304629248
552805175874686977
544299439087550464
544509140911919104
553137946740932608
544336537870434304
544426670095368192
525025329916948481
552846625467817984
525061787860103169
580325043705667586
524922729485848576
500356642329071616
544307547390607361
552980288394231809
544289880805605376
552847905498103808
553537648938086403
544290780991725568
553503909692841984
553579715014172673
553539778088816641
498616975850225664
552821570423771136
500309193526882306
553586781355278336
524939327399559170
552804394727927808
525033278555033601
544512187171995649
500074069354905600
500287815734013952
552821223676444672
500319675797209088
524942353355005952
580320267777511425
524995942995746819
524975093966209025
544366036498542592
500339591392817152
544459137674125312
525023057526947840
553174353735872512
552803757864787968
580320329203093504
544351356824604673
500359983301939200
500274697485824000
500278944881725440
500246996163129344
553555979238129664
499366930457710592
525057374965739520
552804408233193473
552786116404072448
525034687245582337
500360596995731456
500360558806568960
544519298015039489
553145736045801472
553188974811185152
544284483453595648
580335608477982720
544464731449196544
552833393734721537
500303238810574849
524973920722878464
544476808566276097
544316576645017600
544277728930062336
553186026811039745
580344006682505216
544300674448887809
553587672137334785
553553244845522945
544356724871036928
544274585697280000
500290867681587200
552832784046108672
553224082213601280
553561169923829760
581301336085553152
552822043490938881
525025552634494976
544301449845305344
524923480173981696
552845136414380032
553472225798795264
552847627319259137
544357487911395329
552807236339507200
553587861837328385
580885624883904512
525040408653754368
553561452318322688
524967231902318592
524955304199352320
552813461953323008
524937330923417600
544389259491172353
544355197435142145
552784526955806720
553561762466115584
500286984162525184
544406902990323712
500224586064343040
544283772569788416
524943886553468929
553133340795363328
544487579048222721
544430771688439808
500322486362202112
544447757860483072
525035552643751936
500389488217309184
553555593034596352
552838551071911936
544404673357021184
580321350750990336
499579650926858240
581409613913804800
499463629251837952
544492053900836864
498296205777326080
553137476135432194
552805956619628544
581274406804025344
544367862211952641
580332410853789696
544336432609775618
500359075045990401
524983325275197440
552833795142209536
524977669902172160
544512691948498944
553515399438811136
544273220128739329
553485452943302656
544406665223999488
544477048048082945
580883793709547521
544518590104621058
552787144373460992
524961362448240642
544445364322197504
500363024926900224
544337761600557056
544472800379940864
553546029212389376
581437061363675136
553201549997277185
580362104110071808
498274948772024321
581252958446329857
498322865843109888
544388013141143552
544381144620216320
524964457936863232
553223992300285952
553210869010935808
553534838880608256
544287203728556032
553555389611274240
580323165068509184
544382795099799553
553487356733313024
580364236330762240
552801028262096896
525071638464049152
552831974784905216
553196453938855937
552978385572732928
544271815007145984
544334554631536640
544351969658564608
552816020403269632
544271815044894720
552816539175763969
552817711617552385
544519788752818176
580320825351471104
544309113694740480
524965775036387329
544301961638457344
500358061698347008
580320612155060224
552839167575883776
553106714682462209
525029954908860417
500255282757632000
525046443103354880
544474153646956547
525036240848945152
544504954334224384
552822739388882944
524945676443340800
544471218951581696
552803792618799106
553161476928978944
499698366402789376
553215362058440704
524934507892580352
580318717860532224
553542784800792577
500296692713783298
498283038338711552
552783745565347840
524955871689052160
525026219100995584
553466755411369985
553486529231089664
524932056560963584
580326398620934144
552825211654246401
524983599851130880
553529334892609536
544423787949600768
553473416905629696
524965242213007360
524987851046658048
524952322703900672
524974456851410944
580328302939889664
544349042952916993
552786818853113857
524925215235911680
581473088249958400
525037540508594176
552841157785694208
544431559320014848
552981296839131136
553127086706397185
524945170777645059
544508725420380160
552817205982019584
544284078330376192
500359223557890048
498477676219600896
553509146730176513
553590750701551616
524958238316298240
552838324977545216
499368533378498560
553209341520535552
500421926079066112
499574200596983808
544378468931076097
499438052688023552
553131791553667072
498474035668586497
498585089828478977
500322242296041473
544513072006967297
544497137221136384
552805853762699264
500293830827331584
553536269972942849
553589860892942337
544510219401703425
524930499790131200
500351760402493440
553528740618436610
552824456557887488
525007664544493569
544276998017646593
524974106308251648
553572754746638337
553579914717577216
524947424482435073
553574709669814272
524953391634866176
500280809652514816
544307040932601857
500364921607974913
544483003758419969
544329204314406912
500192488003354624
552792913910833152
544301624814870530
552807210041212928
553157857215262721
524941727753568257
553174639158231041
553177082566836225
553146494271094784
544384041391517697
544403913076924417
500339209715335169
544518696463765505
552808135006887937
499642704687816706
544272134764122112
524989654995849216
552805488631758849
544414430025371649
553589970775343104
544458558432350208
580336782782382081
553225359928213505
524946609453678593
544478708741201920
524947196131966976
498305825341845504
552980557836337152
552849797892542464
544277526248304640
524980744658382848
499619724222038016
544515538383564801
544296096244441089
553589880245481472
553495137314435072
500331472277225472
544414634308939776
553229956830875650
500292806175236096
544332254068350978
500359125310922753
544506628239028224
544421245698056194
525072912957452289
544443027570556928
524957773810135040
580355192908095488
500327120770301952
544280765111218176
544343367279456256
499694783691239424
552822696200142850
544411097797644288
499649872534831104
553480702067736578
553181997041217537
524945814796644352
552834842837409793
553560429910568960
544495737770618880
524925987239120897
552799640488517632
580318938996740096
500298588992593920
552829096816693248
553581669710831617
552840805678084096
552801880812691456
553518472798683136
553590522800275456
524976526891417600
544469470568148992
500240534481666049
525032872647065600
500357314722156544
552792193992519680
524987990524047361
544282227035869184
552824383816073216
498504673339666432
552811319079227393
544298346345947136
553483415954411520
524973223356940288
552836775191019520
580331843616133120
524982066564567040
544338698750664704
544516079129993216
552797729504886784
544406212461473792
552834640692912128
552830966411321344
524923148576518144
553470907629707266
553516364879904768
544520273718812672
553484365012148225
580371845997682688
525001895631654912
525027539845410816
524922499466022913
498274934553317376
553554032745525249
524969201102901248
500360094924931073
544273459199893505
500231484725161984
500347484154372097
544328894812549121
525058976376193024
544343410849886209
553588106587545600
553174247506706432
580334678340558849
500286805720449025
499388398529175552
544277650714677249
500283831803326464
553172900270727169
499658267493019651
553218001181605889
524934648473079808
499397048878501888
500336040440516608
525047079325155329
524952995034042368
544511560249790464
580370249712697344
544393889113600000
553537322218553344
544412767240085504
553543319423553537
552845840247971842
544316046379716608
553143519536500738
525050193360613376
580340476949086208
552818821460148226
544285819108741120
552840037642297345
524970851675176960
544452087468150784
553552825431883776
524925553489760256
552813420136128513
552804175310901248
524974975623892992
525022663102963712
525025463648137216
552812572731527168
552842762505428992
544301455952588801
525052223030845440
544510450101415936
580882417117958144
544377463581581314
580352532167311362
524966946467749888
525021083892994049
500391222075076610
544469609433563136
581248880098086912
500261600579043328
544515489016594432
553540617540624385
580333759125458944
544415616753745920
544282250503012352
499387993879511041
552788886355996672
524935633463037953
544480083982168064
553185370108878849
500400102125879296
500358195408551936
580326045238333441
544329393737170944
553144428584398850
580320945740480512
552848704819183616
499362348940144640
500307001629745152
553181902543126529
524987184836005889
544328324601114625
580321372703985664
544355987608444929
544311814649942016
553490238979727360
544298354029506560
552792988376915969
499638207987089408
581335535832039424
525045709402148864
524983146266505216
552837132491186179
524935023380545537
500298315368390657
498507730395484160
499687644045918210
524955170200121344
500344846612447233
524956168754843648
544461661055098881
500393439482368000
544352188210745344
544309177859203073
524982608716120065
544488899100147713
553171989385728000
500349179848560640
544292798887784449
544317301064208384
524948941956448257
499600140580044800
544268732046913536
544272155144646656
544414686935285760
552833148128862208
552813160110252032
552791678881660928
499575076468305923
553531695480463360
524954630279925760
544381860214603776
552982613288157184
544472595140063232
553537235463979008
544384839906906113
525070933556350977
544492614838673408
525049044201377793
544272701108797440
553111820786204672
524973444946202624
544486142763347969
499432557906104320
552836975741632514
580325714567806976
553202028575731713
524988712367955970
553141732452626432
544512867144192000
553200552142983168
525044725926330368
544284957766463488
525027317551079424
544345465311879170
500325111497777152
552811772038881280
552845671477153793
552792544132997121
544358564484378624
544465934149513216
544278913883447298
544377046030635008
544426421331169280
498500813845966848
544273563872538624
553118438332571648
544384662765068288
544443154964152320
524960245509287936
544513035118075904
544391085150457856
581062604988162048
500312670260957185
500311883669585920
499642374428307457
581247332282306561
524945095322513408
525044678765187072
500072334578159616
552798654495354880
524926235030589440
500281094239817728
580329219646988289
544279950929321984
500283314230419456
524930575472136192
553544336475168769
552803839490150400
498473515302260736
581063753837481984
580320893668364288
553473629854646272
500297243371798528
580342519516512256
581386094337474560
525067419635576834
553190655011205120
553575232867672064
500277625773121536
525010245811466240
552812984343330816
500277854341697536
524927288077746176
544378515378814977
525025695425380352
524961721744900097
580359081296293888
552831101312303104
581132461960249344
524959836778536961
553228537084116993
552829306439598080
524929106987991040
580331192316198912
500341884678836224
544321103875694593
525052526593601537
553126044375732224
553180236591169536
544513199375384576
553152395371630592
524948264886759424
580319651399385088
544450580367024128
500327581514993665
553147341470203906
552792271243210754
552833028201144320
544284577318318080
553490358748061696
500318003024494596
544372222400671744
552828573896413185
544354657385316352
524925730053181440
552815293349650433
581258923065389056
524950584349454337
552793539856588801
524984773211860994
544334939374641152
580330740086243328
524982531075371008
553186555150749696
552828474814398464
500295393301647360
553533193899368448
544362543997665280
552980760500916225
553481076916883456
544409519380758528
553534934447824896
553105121526427649
553108153915944961
553585840270876672
525035564014526464
544511300630753280
552815274848964608
544369501857263616
544289409294553088
498254340310966273
544520615441756162
544493466836017154
553113536625664000
500279571988877312
524959332656349187
524982699220803586
525027116287811584
553531802347122689
544463201875025921
553098571323437056
552783238415265792
552807013764575232
498452664527511553
553174713061892097
498492003903356928
552832232197746688
524995771587108864
553541834975498240
499553298668859392
544296373466562560
580337292838981633
580319856496644096
553126072905383936
544478625383608320
553215658784456705
500160181184249856
553476490315431937
524941529928839168
553140194606469121
525028522361114625
552822696195932161
499697652385464320
525047767325220865
499605248747786240
544287902079803392
544374563539140608
500385868041842688
552814978823385088
500239577387659265
553159290987364352
553469733656203264
544492984880754688
552805050620604418
544450135988899840
524925050739490816
524936966492942336
580351149619953664
544309060883845120
544340578528272385
524948703850029056
580349424058175489
524958743000125440
500251535943942145
552806937470201856
544281689233850370
500288581081260032
580332109782466561
544467299218886656
524993533212897281
500354773133299713
553526283033133056
524958599433691136
553505242554175489
553557308937363458
552845191003250688
498499836900278272
581064144394285056
580324721381740544
524955062486196224
544270745744846848
525008463819464704
552795566242279424
524947964620701696
544504859290906624
524947414050816000
500235112785924096
524940940721418240
552829386773516290
500396366829735936
544504183341064192
553224764924243969
544423869981802496
544357563534680064
553529196216344576
553542628097019904
524983050187579393
500247666924986369
544432661419155456
553145137086607360
524979133366165504
544351015936331777
544341124614459393
524960277348233216
544294692456628224
498556324868009984
580330721719508992
544519486498676736
525002842021445632
544398512931086336
524938433262006272
553536397731442688
552821475066281984
580330362070540288
580333904126742528
524951585231994880
500352655827279874
544366894107480064
544520042810200064
525025279803424768
500257166478282752
525021697003782145
553535765997969408
580335398683058176
500298091627823104
580318669483413504
544510345289924608
500420356621213696
524936365427806208
544520990538358784
580324027715063808
525044262648676353
500395288335360001
544333764814323713
552846353416867841
524981945131102211
499494187969298432
544374511194632192
525047349757100034
552821287933202435
524979070288019456
500293872162205697
525029016001318913
524948268355051520
500278485001457664
553550301886955520
552810448324943872
553192366098898945
552798891994009601
552807832257835008
553227389061582848
524926184069808129
580319968484421633
553219047048105985
553551225560764416
553129559173115904
524958128392376320
580346824269103105
524923678472286209
553491540535156736
500290464621559808
552835988540895232
581259253429702656
544366723067957249
525045145079533568
525040097272819712
553563780928770048
524934673760530432
553107921081749504
544400775775289344
524964564018790400
552829176018112513
500303431928922113
553163190138580992
524934004152082432
524932935137628160
544514207933542401
524946336190586880
544518859290464256
524986820850106370
553195827397926912
553547270264979456
553193210269298688
580330986220687360
524958383468978176
524959778125385728
553104503520890880
553203041705664513
544453251068743681
552825083941879808
500378874656854016
524923293711998976
553147368913506304
544324444773433348
500289154581008384
544280397472088064
580359809041604608
524978196589334529
524951314556796929
553529796601585664
544268900351766528
552815712432316417
553101451271352320
580353540725452800
499424290748780546
524954028287877121
525056576038518785
524928119955013632
552815182708494336
544287922166726657
552815540721291265
544281589749137408
552785551930454016
500405877460193280
544314234541469696
553475824369012736
580329153553141760
552787599031828480
544317609718865920
544298959993200640
552845711289909248
552808904137408512
524969137660231680
553528788383191040
552804763461775360
499699479688544257
544296465619619840
580330560331091968
552792802309181440
524950455743291392
524948554344054785
525051210349289472
552982443511144448
544300088747884544
524937542131793920
552834445301256192
553587816048099328
553535467065712640
553470733180223489
580884605097664512
553143905039159297
499397804620386304
552807536894947329
498292200955195392
524925033626738688
544269997745242112
553590891852886019
544514569339953154
524967711492014080
524983581983375360
544340812448804864
524932292406681601
580357537083576321
552847218403581953
499444325646757888
552837078854410241
544297696308518912
524951696376487936
552788945017516032
524970097711267841
500256984768475136
553589372084162560
553102828743716864
553588913747808256
544316684736028673
544401573968097280
500290456845299714
544293770926120960
553215305917665280
553536358950916096
553465105028222976
544376732649013248
544519166582337536
544407157077467136
544295960449265664
500280422295937024
580336772128870400
544502782267752449
552841049467400192
500296080710705152
544459726948286464
580330660537192448
500386978467414016
524940030109036544
580351083383517185
500347948635791360
544464695646617600
524952437137092608
544511151900753921
581546828954411008
544320939245043712
498274493337702401
553114307383541761
553480292498153472
553471987411324929
524940716733370374
553221600955621376
498527404386578432
580883727624065024
552810804186460161
525016728091500545
552790742700417024
500278978557804544
499408845127819265
544510827433558016
524934300459077632
525058578365698048
500406581855801345
524942548066791424
524988027425554432
500231335668383744
553589914684895232
525023912221212672
580372127125131264
544410079043551232
552849157694947328
524934142958788608
580330369603366913
580320964875014145
524983236712476672
552817759684665345
525033778637721600
553591653647138816
553226143307161600
544444021066563584
500355828227252225
544428421745741824
552846886626164736
553151700950065152
544374018661687296
553145236268916736
553129811850559488
544285712653500419
524962748237889536
544403564077260800
544327577406410752
552826581916594178
544317165965303808
544281235271745537
544380899639689216
580322349569994752
500367591773179904
544302938374426624
525033625788907520
544433739539812353
524962199543230464
553556984273072128
553180503969644544
580321169271877632
498294367405477888
544290258951892992
499571347375136768
525018799347875841
525040545870385153
544384255825289216
544466903364673536
524956294395224064
500322373359661056
498301902048997377
552804839886184448
552805450350362625
500327106824245249
544317709396496384
552851305023414272
580319116302647297
524957517294886912
544496262629036032
552807598966059008
553111553235361792
553156573607251968
553229808260632578
544516514519343104
553544419602104320
552807101442322432
580369978546917376
524946808271671297
498292602861400064
544405761925738496
553215879979085829
552790838015979520
524974566830247936
525025806079504385
499635302764662784
552787914271510529
544384825332101120
524981223291383809
553175714128990208
500360095738626049
524935586025861121
500308574703452160
544396587192311808
552820842544246784
544443739800731648
500286293688193024
552834808121163776
499446567229603841
544297827258888192
544516164333080577
544298334354411521
581262528107384832
524980219749597185
524947149134774272
552819208212717568
544462438310375425
499410965075886080
553530558614351873
544495359800930304
499529014797557760
544285296565948416
500269950876286976
499472596853743618
544511811404705792
525027873867198465
580322332348190720
544350985142173697
544483282352889857
553536887349325825
581307361857392642
580352455952732160
544309006500888576
580327197921120256
500413818368184321
499568802267672576
500277311652913152
581063928953876480
553105460887572480
544383230091464704
552825664307744769
552835301547442176
500310127896199168
525028171549523971
553100203239428097
552801958428700672
524990180034609152
544323933634564098
544518033902149632
544489539348471808
553108804934856704
524931830173421568
544511391349354496
553133048611753984
544511199702822913
499691429359517696
498357910603575296
525023642007371776
524935731148775424
544337816298070017
500366171716067328
544275138712469504
553151804046082048
580359057825009664
544420067774316544
499701423135678464
500291116403789824
553487544508493825
524994218964815873
544373839548145664
552822544341139458
553589121776898048
552814460193476609
544410895602839552
553590721207615488
525032520124207104
580330591826128896
580327336505176064
524935758143324160
553575984054951936
544425928290750464
544296985910861824
552831515940634624
524976963862429697
544373694068686848
544511263788003329
544279603259248640
499689919929798657
553215383256432640
580335102313500673
552809336360419329
544505129810944001
500378522788315137
553130148107943937
500292129802186752
544508995361202176
544466920880492544
544304742743044096
524959809402331137
500237448798949376
498262106937237504
553534707108155392
544396563116589056
498430783699554305
552985973445783552
544451181754744832
553136565296582657
553529941938425857
524949021744713728
552849515271958528
553570818031374336
500263680026869760
499590048313262080
524944637489086464
524953077456318464
500282674200604672
524967510563889152
553553813542797312
580326073776357376
525067386849091584
524969144832491520
524975031059632128
524967620588896256
498302874531553280
552816600995614721
580697361799876608
580322066374721537
525006356731166720
525003253185277952
500302115458523136
553200085132009475
499699006298419200
544301296099270656
544513339544838147
552786016906383360
544420349052342272
553118212813246464
524942149973188608
553478677359775744
544360928603799552
553188214522249217
544288773023203328
499366666300846081
544282355989753857
581295422414680065
553542235661553665
553574650450825216
525039876366798849
499553513471741954
581061914001821696
499369948943495168
500394005419409408
553205115830951936
525044004287971329
553157600225677312
544288302254137345
524977992683237376
544279945128591360
553553966970044416
553583035820802048
524953110285152256
544384394337611776
544273885437652992
499439795618480128
553562348376850433
524996756220956672
500369479482630145
544284455909998592
544333172180537344
553161401733496832
553553173743677440
525036457732231169
553587735613952001
544315187608973312
500381163866062848
544356122082410496
552845393541988352
544269221564137472
581394092648710144
544297247567917056
552806117328568321
544373515067998208
552846337746952194
544406931897479168
544511773223968768
580352417541287936
544392718601183232
498293625420148736
553582465734832128
524937574281121793
544477834396577793
553546967281061888
524935216134369281
553581227165642752
500408184562257920
552801894092275712
524967631171117056
552828400843620353
544520434767503361
500287313256402945
553123329561743361
552791578893619200
499607500187250689
524946179390701568
553590880352088064
581411131547320321
499448210789007360
580349159569539072
580333881687195648
552819983915700224
544296007589433344
524927356830760961
525049831312875521
544301235596054528
500320680810795009
544363471660277760
544520802339917824
553531130163773440
500358977046474754
499647059688173569
500277808883830784
544325779199258626
500385877684539393
552796269069209600
553218599390040065
552983966932688897
553535829529100288
553584868685520897
525055967076290560
552829046485434368
544287499397242880
525007169956347904
525035832336736257
544462911729455104
552810477940932609
524928863714168832
524937204552843268
544286686142685184
553549680538578944
581183387848859648
500358655834062848
525029913230053377
544281014768795649
553582301003931648
544309283048144897
552978099357237248
525057025785356288
544462912644214785
544505447911149569
499362949166030848
524924619812511746
544402785966772224
581386155083620352
553555705945288704
553149347777753088
524929769469538305
581296960830881792
553538939454509056
580323152103911424
544273427075710976
552816689386373121
524924034124107776
500298981558063107
500275854434639872
500278045597368320
552817769604198400
552832019940376576
552805596198871040
580365806720122880
544407139205132288
552981833189969921
553586510260629505
499512318410375168
553170912129056770
580326978546495488
552808282398924800
544277113683980288
544512064694546432
499584606878715905
553474965278691330
580326111311171584
544277516773380097
499690604302192640
524935246647926784
500375737439096833
553122359398260736
544508900595499009
580699825030754304
553538058440941568
553218083410952192
498575704582148096
500292202845982720
553574345235103746
580331071457333248
500305514447003649
544356997718900736
525060425184858112
525020733622464512
581047170637381632
553227288859664384
552982263907241984
580332532694122497
525008613392515073
544297950134816768
524947416869388288
552993818816299008
544290995462889472
500335355904540674
499497872564703233
500279519455219712
544274879055675392
553187683510812672
500279189405433858
524940077978640384
500287224957898752
500312651797233665
544273256174198785
524936793633083394
525026715123601408
553572111441465344
581261457725210624
544294639805923328
524944006577668096
580343473607438336
553554585634496512
544291829290508289
552793552376569857
553193480319942656
524961070465945600
524938857180303360
544388329094270976
500287479015292928
544428943080951808
553139825008599041
552790878805168129
544299273664593920
552844167681159169
525023610243928064
552851847581413377
544305463048015872
500315532382707712
524941720249978880
500394061887709184
544409400941625344
500326873407455233
524937968138878976
580365368805486592
499674991294951424
580319999887347712
552833941930274816
544336736948473856
500251242124173312
552784882687299584
544385829180035072
544489340584222720
552982124274647042
580348878370828288
580320563891019776
553558126147149825
499693411503726592
544287209730236416
498489451954573312
553559793940447234
552808658510561280
553164381673259008
544337283801829376
544301012492632064
524953918166794240
553503546382249984
553487971497041920
500316005089181697
499689757652566016
498259432237969408
580320745974288384
525042177643016192
553539631149756416
580327960638521344
525026947307700225
524981890567385088
524969679790817280
544499780479893504
524930671220105216
553590835850514433
553588053348843520
580706841769820160
500331134040162304
500280847912955904
552984511051751425
580318020192571392
544519849507307520
553552772277481472
544268637134393344
553115926531674112
524991119164473344
552822434639126528
498285405142540289
553519375521951744
553126953268834304
553103772852191233
544515999161393152
524929497205055488
553537870431268864
553589285342175232
500359312447787009
544347292493705216
524946753154727936
553478142791548928
499706350759206912
544444261027299328
552811438994378754
500377906305327104
544307776135364608
552804784819154944
500398901028196354
544287815790755840
500321184269881345
553590961486696448
553585838056280064
524922078638903296
544389893120856064
525009850104037376
553215313807163392
553153190859141120
552821659103940608
544355218251452416
553135106609922049
553151506556653568
499412661176926209
524955557686284288
544282015487787008
544380433014591488
544434450918932480
552806309540528128
524966572277129216
552822944603582464
525065123917221888
580352273001410560
498515980205948928
525071376084791297
553591518619893760
553468492700454912
544460097146331136
552982669840355329
524930400272265216
500073002101665792
544385086955589632
580318210609696769
525058633730891776
553124268196642816
580347290633838592
553116915325870083
524944399890124801
552814317096407040
499541439962185729
544396608704901120
553231667523883009
524971165056782337
553586305272389632
544308793623207936
544445607717261314
500294349872062464
544395562666037248
580325799078793216
553588374280601600
544452299641192448
499655869412286464
524961908903149568
553535430788780032
553576010898497536
525031558949134336
544425494763302913
553111157738057728
552833236389199874
544440749387808768
580322026029654018
544323086841954304
553573875528007680
525040492388823041
552845542536261634
524957925157384192
524952808110694400
552799062421164032
553556060569862145
553583809602801665
524963649455407105
553185716218650624
553209983845023745
544516530160300032
524967298604359684
544495167836016640
500287491182579712
498255816034893824
553099800951136256
553538483474534400
580348081100734464
553114158989074432
524949526487265280
498287166909579264
544499892010635264
552807027781947393
525019752507658240
544353918315397121
499590929611640832
499698357397237762
524941318389501953
524981557770350592
553167814941761538
553151201253294080
498314939359301632
552850514132873217
544285245600989184
524978912145985536
552843136238899200
499532858399412224
500315291168276480
544516427827249153
552980714610634753
553546292748898304
544282005941530624
499435341259223040
552820533507944448
544503217107648513
524955850591334403
580387098039046145
580325090367315968
580398796124876800
544410576894427136
553591841996951553
580322927679279105
553128245420257280
552788396733906944
544367253857525761
524948866773184512
500396175753633792
524924225463668738
544401599414943744
552818799095730176
544305913260433408
524950404283772930
524981565462704129
581387966125248512
498294248488574976
580364973664309248
552790875492073472
524975142641086465
544337689676636161
499648409767538688
