500358655834062848
524949026064850944
524932792925569024
553532980871053312
524976980799000578
544428261602623488
580319458004193280
552815540721291265
544278985249550337
525016983646244865
552827164677373952
544462438310375425
544332510440595456
524944637489086464
544509086998749186
524926279309860864
499600140580044800
544360928603799552
553113509152952321
544519594438696961
500307001629745152
544336432609775618
553478677359775744
580329219646988289
524931752725585921
524928119955013632
524961070465945600
524924954287296512
580322349569994752
553151506556653568
544493466836017154
553099800951136256
544378515378814977
544332254068350978
553555593034596352
544284823041212416
544289941996326912
524951419175309312
544430771688439808
500279519455219712
524924619812511746
525046443103354880
552984916070531072
553215305917665280
552786099899494400
553587278564823041
499456913902284800
544267656597995521
553515827073261568
552834732325879809
553586940856242178
544300256981430272
553540872986705920
544287991959539713
581387966125248512
525030117014507523
552833393734721537
544369501857263616
499671635067437056
500370960093302784
553569512269021184
552845671477153793
498279420885360641
524958227768020992
524959390332239872
552831506041683970
544436279442546688
544508411178536960
499404849835175938
524948703850029056
552806077755326464
499706350759206912
544357563534680064
499576743967993856
553502180666531840
544512867144192000
553591518619893760
580337327677026304
524983366261936130
553587352086384640
524991844292521984
553139825008599041
524926235030589440
553587861837328385
544287922166726657
544512108885725184
498284429333524480
499635302764662784
553585530504749057
524981513637888000
500291116403789824
544436750097973250
553544039241224194
499512318410375168
524935345998422016
498515980205948928
552822739388882944
553121732387946496
500358907383275520
499663992697417728
544414634308939776
500359356589019136
544494058287423489
500339512082698240
553553966970044416
524948206023880704
524982608716120065
500237448798949376
544331094523662337
498504673339666432
580330740086243328
553205115830951936
553139573019406336
553209983845023745
525012912562536448
525019469983531008
553469263650906112
500357713260724224
553493222052605952
499484255869612034
525069912679923712
553198107278987264
499507509171060736
499524024012386304
553489837542899712
544305673287524353
553480082996879360
552815293349650433
553546679161745408
552821977061556225
525023912221212672
524955385480753153
544367462012432384
524954262657581057
580335102313500673
524930293921107969
524974975623892992
553471987411324929
499381843955707904
525071376084791297
581261457725210624
544444021066563584
553135106609922049
524985325190656000
525031558949134336
544284859628523521
544271284796784640
524983236712476672
552795585095671808
552837147305455616
500336373833170945
544276027644850176
498254340310966273
553591303582523392
500256984768475136
544467299218886656
524941119403335681
553584292090359808
499409455814287360
544317165965303808
524954586696933377
552985611070881792
553131557892804609
552783238415265792
580338194731962368
553579914717577216
553544336475168769
544420432099545089
544333172180537344
524926643325132800
580323060533764097
544274934835707905
525023025792835585
552810249263259649
552813160110252032
500356642329071616
499527157023277056
544461661055098881
500281094239817728
544508666724876288
544472800379940864
580322453928431617
552801979861598208
553140194606469121
580352417541287936
544366894107480064
544516142983684097
498357910603575296
544458558432350208
544271815044894720
499430225043009537
499584511710351361
525008613392515073
544411313779126272
552807191775043585
552816689386373121
553172900270727169
499403422278619136
544340578528272385
544377502563459072
544508543152304128
544285194815942657
552836829234614272
499445575956578304
544336408144781313
553570370192949248
500388703114895360
544511915158810624
552823940440403968
498303288295817217
500328758201815041
500320235841265665
500332042648055808
552792271243210754
500258409988763649
581247335998431232
499456140044824576
524933600433938432
525042177643016192
524943226948820992
553229808260632578
552807236339507200
552813494345940992
552985855854661633
544284455909998592
553215362058440704
525013278343581696
553560429910568960
544432661419155456
544390017930383360
544357264333615104
544334623023452160
500359312447787009
500180625312083968
580331561398108160
500331472277225472
500385877684539393
552823029680852992
553186555150749696
500299904817049600
553572111441465344
580341214098137089
553187683510812672
553119235904643072
500270284117925888
524953391634866176
552829046485434368
544428421745741824
524973920722878464
552816590463315968
581153923987206146
553586421626568704
553487625815064576
524957925157384192
553143017922912256
544316684736028673
544316384273248256
524936793633083394
544424775939293184
524944788525973505
553129378969047043
524975642379816960
552798891994009601
544509652390924290
499659628645720064
552820384039706624
552821475066281984
524971165056782337
524964630221705216
525016728091500545
544519245087121408
580337873691533313
580327625626927104
544345465311879170
544274879055675392
499699803576881152
544340812448804864
580332832544976896
500072334578159616
580319968484421633
552817293969739778
544374563539140608
552833795142209536
544394858405060608
553185716218650624
580330660537192448
553480702067736578
544304200423723008
553145736045801472
500292806175236096
553177822312013825
544337283801829376
500285919539511296
553474232596701184
552837132491186179
552824383816073216
544374313848430592
580347961256837120
498325055726559232
500375545918803970
580352532167311362
580321169271877632
524937968138878976
544357487911395329
524947030616313856
498248648699150336
544289311504355328
524953604717686784
498317138554150912
553159290987364352
544374395540881408
524979179235069952
553108153915944961
544312876245057536
499706059691663360
553535467065712640
524967231902318592
525065123917221888
552797729504886784
524942353355005952
524952005157347328
500290867681587200
552805956619628544
553130475032563712
580327611760545792
525060425184858112
524978526974668800
500287815734013952
500277311652913152
544295960449265664
544423787949600768
544474153646956547
524943132409212928
524985687704338432
499658267493019651
525006847095615489
524991067675189250
524983325275197440
552978184413921281
499682060793937921
552825753264717824
580333909008871424
544454229960974336
524987150413336576
580352540316946432
552827123963281408
499387698390790144
499439571520991232
552824742097719296
553177321218514944
544281235271745537
544466903364673536
544280873806610433
544273885437652992
544438309267578880
544337383215226880
544439521236893696
552838568717344769
524925124303396864
524958409381384192
552816686752358401
524978172110987264
544512187171995649
499612545909415938
525021083892994049
544361266718846977
499689349420568577
544519694401941504
553137601457426433
499444325646757888
553185062829948928
544512691948498944
580318717860532224
553477692591726592
524967727266398209
552826724774592512
580317998147325952
544506443626741762
544271362022338560
499362441697193985
524983050187579393
544514570367168512
553199320053592067
552812572731527168
524949733983657984
553469733656203264
525023610243928064
580320645906632704
544352188210745344
544508900595499009
500275854434639872
499571799764770816
524950339074523137
499706705354448897
498585089828478977
552801894092275712
553590721207615488
544288773023203328
524968466559033345
553221293298819074
553219770053443585
544486142763347969
553207514222063618
544398512931086336
499693751720501248
500269950876286976
544310853613281281
580340476949086208
499602989133594624
544293694166536192
544281014768795649
524950887119482882
580326473803767808
525032520124207104
552822696195932161
498314939359301632
544489539348471808
552847218403581953
524946336190586880
524955850591334403
552817490263572480
499388398529175552
552979420227842048
500299227969646592
524975705206304769
553139203320860672
553561762466115584
580351604831846400
552996335319007233
552817101057318913
524954661703680000
524976486902951936
544282250503012352
553100922268942336
553195808930410496
524947870735429632
552846893588709376
524998906799988736
553215658784456705
544324444773433348
553547637832843264
553556844665659392
552799317602615297
500297358908071936
500368901365317633
552790074166108160
580365368805486592
525040767317082113
544285213891629056
544277336422486016
500379055594946561
581288928646340608
544277817987330049
525057374965739520
544282227035869184
544518590104621058
500319801344929795
581287795991302144
500263680026869760
552830151650967552
524993009440403456
544459726948286464
553586959596396544
552817675408523264
524965242213007360
553490358748061696
524952341561491459
552822604206460928
553550448154910720
524930400272265216
553501357156876290
553540381187780609
552813549291315200
544296671950020609
553561452318322688
544371668131393537
553190655011205120
524970851675176960
544464731449196544
524972443308683264
544372545219489792
552784882687299584
500301418406744064
525062993898635264
500312651797233665
499368931367608320
553556984273072128
524951893467234304
524949339131904000
544520121436213248
500293872162205697
581405344288608256
544419788739461121
524937597206790144
553223681409703937
544390130682068993
580365806720122880
525059810312847360
524946461621235712
525027958835408896
544343625069379584
524953918166794240
544510784366080000
580699430690656256
552842580929826816
544300674448887809
498508707244683264
524962199543230464
544511112654618624
500375190535421953
580351367719591936
580323877429112832
524938107142283264
500255282757632000
500413956230365185
552836167029514240
500288971197263873
498274948772024321
544294274674593792
552813590919778304
553111820786204672
544503217107648513
552828573896413185
552981296839131136
553534838880608256
553589285342175232
499541439962185729
544296158206894081
524949435886096385
500350150695743489
553188115033387008
499346625760751616
553544694765215745
524990519777443840
500286984162525184
553531971457265664
553587708367765504
553542565593878528
552982813671043072
553540580912156672
552838440103198720
544436172999495680
524938162900967424
500294349872062464
544380899639689216
552802714816905216
525066876058361856
552834808121163776
544518803225604096
553578029751226369
553488824656203776
580368417556992000
553143987377561600
552792193992519680
524951625556066304
524950159160250368
524978196589334529
525002243100401664
524964948683005952
544297696308518912
553495137314435072
580350426278719488
524932292406681601
552839843999645697
553558126147149825
524964223185850368
552801438821515264
525050193360613376
552824462958395392
553588080964558849
552808658510561280
544427133398175744
500278485001457664
553531802347122689
553228535511650305
525072912957452289
544275733607366656
553553331671408641
525058633730891776
498280730070622209
552835288725061635
553551435762503681
544307161589772290
544511300630753280
499359735947087872
544296007589433344
544277860555710464
553213740137467907
544301589931241472
544278913883447298
552836586191474689
544301961638457344
553536358950916096
498506343368519680
580884417343815680
544383022876065792
553509146730176513
500277854341697536
552806757672964097
552805619301097472
500368579875704832
524981890567385088
525044004287971329
553534707108155392
544279950929321984
544377326122057728
498527404386578432
553558513210105856
580380219921580032
552836844560609281
500289154581008384
580364236330762240
544401675789033473
552822812281692160
553503184174710784
499361965035491329
544435176479027200
544372701285351424
524969963850051584
544405761925738496
500325220193153024
524947964620701696
525047104239333377
524958743000125440
524948554344054785
580323165068509184
553546292748898304
499584606878715905
544463189447294976
499693137670205440
544329204314406912
553181997041217537
552807536894947329
544511434840113152
499620598994444288
552835988540895232
553157114156560385
553096978788515840
524935085863481344
498482619232055296
524945676443340800
553230256992423936
500072155166814209
553517713147301888
580356429615337472
500282606316158976
553546967281061888
524976526891417600
544495359800930304
524956383318650880
544292146342531072
553174536028303360
553193866057506817
544285508441231361
553506946054369280
553551225560764416
498473263862149120
553461741917863936
544396608704901120
524937675115999232
552814770542628865
553210080829906945
544496062321664001
544492372088717312
524949439367380993
553586897168392192
544276998017646593
552850022271033344
552837610897694720
499366977497214976
553496489641902080
544395613043818496
553582011324329984
524995942995746819
552849157694947328
553489393202499584
500319675797209088
525010084003213312
544288681021145090
525033625788907520
552814460193476609
498272364560257025
524961408740380672
500261600579043328
544406902990323712
553156573607251968
553537235463979008
544359422726664192
544289448150986752
524952154482946048
553572754746638337
544519486167330817
553199664720543744
581064144394285056
553233728030650368
500234390723915776
544456216907636736
553591055833382913
500320616428601344
498498431271190528
544273256174198785
553586246883475456
553473416905629696
524954313337364480
553569333150896129
553200769671761920
544389893120856064
524934004152082432
544513072006967297
553545384069328896
524947502903345153
499579905508917248
500400102125879296
544504183341064192
500360244187635712
552802531672588288
524974456851410944
553122276913471488
553555389611274240
552837078854410241
544309283048144897
552813988644659200
524933380929245184
544333764814323713
553098796108750848
524968330172850177
544269221564137472
553592023392202752
524969878823137280
553501773517033472
544274585697280000
499463629251837952
499446567229603841
580364973664309248
544520042810200064
553151670796820480
580338189904285697
580353986991112192
524986649315667968
553588374280601600
544412767240085504
552810477940932609
525048557569454080
553531343834202112
544379366474403840
524961016904294400
552841684485414914
553164985460068352
544350087020019712
552791034447794176
544377870554898432
553590750701551616
500381163866062848
499665704300191745
499699107615997952
552980261512949760
552839385209917440
553185825065009153
500279189405433858
500359983301939200
552822314157768704
544360342995099648
544320939245043712
500292202845982720
552847905498103808
524994747883323392
553514329166061568
553574650450825216
500359377585704961
580325043705667586
552842983247466497
500422971320963072
544520434767503361
552848704819183616
553227288859664384
553567184002502656
500367267901632512
499377813758443520
552816020403269632
544292910578278400
544361776020586496
553473369539366912
552838171323817984
498463591767756800
524963649455407105
524983146266505216
544519788752818176
499700083265269763
500393439482368000
552845191003250688
524935246647926784
580342519516512256
553146691344695297
544369667096477696
552791065645027328
544512514651066368
552817769604198400
552844167681159169
544294402366394369
524937594090844160
552831101312303104
552822783311630336
500363126294863876
553555293645590528
553231667523883009
524961561677680640
553470382129565696
499583424114728961
580320612155060224
552783667052167168
500252508884070400
525039686931075072
500382437655207936
524949136173694976
544280765111218176
552832169496694786
552804763461775360
580321350750990336
524943114885427203
525049831312875521
544268637134393344
544518036255150080
544352874969698305
544512910538838016
553525290908262400
525044725926330368
553141087725170688
553161458931236864
544354657385316352
552833483325059072
544274364288364544
499590048313262080
524938282732642305
524942548066791424
544386515171020801
524926472432410625
524931830173421568
544296772592336896
552847627319259137
580332296336732160
553221600955621376
580325458870460416
544451052679204864
525017500061536258
498480344992350209
544384839906906113
524981565462704129
552834229722038273
525036240848945152
553133048611753984
500074069354905600
525033778637721600
544515671347200001
544287796719288321
524922078638903296
525033357722550272
553185854165114882
552791115599192064
544376732649013248
544293739221368832
553115926531674112
524930851747164160
499427833102745600
544416436374892544
524947674164760577
553490160344502273
544399927045283840
552837644959621120
544492209861836800
553113536625664000
544293021995393024
500308574703452160
552983966932688897
544316904861478912
553503909692841984
552811735183552512
553553288625672192
553222727700865025
552805050620604418
525027651908800512
500300813835988992
552806056154644480
498316475317239809
552799640488517632
553470907629707266
553137476135432194
553592040374947840
544442676410867712
580320890086383616
553573432554979328
552815575672836096
552794942759010304
500331134040162304
552822873773993984
552839167575883776
553537380209401856
544384349395628033
524968205690089472
580320856905269248
552817759684665345
553583809602801665
552793539856588801
544373504419069952
544306732475105283
498300128088694786
544426670095368192
524937560276344832
553579715014172673
500354853680340993
553216460164968449
553151804046082048
544287902079803392
553188214522249217
552808776492130304
525065430713790465
498259903962570752
544302448522035202
580336772128870400
500277625773121536
500343812863311872
499699989237747712
553506608203169792
544293770926120960
544518128798294016
498285529704976385
524979702940045313
500284871541940225
524957429889777665
544271815007145984
524987107081977856
580337826279124992
500309381930844160
552979275776032768
544412083714928640
525003253185277952
544403564077260800
544406931897479168
580327336505176064
552828280806850561
524944006577668096
544518044643770368
499575076468305923
544377700677615616
525039242771464193
580336782782382081
553589914684895232
553530524183326720
524955620538343426
524949884143927296
553545857304629248
544298334354411521
500315291168276480
544506678922977280
524967620588896256
498499836900278272
553531413459660800
500280658665537537
525031610136014848
544346359948910592
544491410439667713
499494187969298432
581359544682614784
544516079129993216
524940077978640384
500288349924782080
553587920398221313
544491160803106816
544410050572582912
552786340958715904
499702462865874944
500354773133299713
553485654030446592
580327960638521344
553115236992290816
581257660118491136
552829971631472640
525007169956347904
544363222296297473
552796863297236992
524979668282519552
553567716414484481
544317709396496384
498292628455034882
524935791794221057
500359323588239360
553491540535156736
580350000074457088
524948268355051520
498472666802958336
544482664515121153
544329393737170944
553544252563935234
544341124614459393
580330369603366913
553145236268916736
524987432656453632
552807528070131712
544287165912735744
544515584931528704
553588913747808256
544508995361202176
552822544341139458
544287083343671296
552816497740251136
544366824997912576
500324234821124096
553476490315431937
553130148107943937
553563780928770048
524923341359300608
553582465734832128
499530130487017472
553162459885096962
552807210041212928
524935731148775424
498311895716470784
580326807704088576
580322653472493569
500160181184249856
553145137086607360
544327577406410752
525018799347875841
552821659103940608
553147120942084096
553529941938425857
498480911243948034
544268732046913536
544517440332627968
552787544837197824
553514505633017856
544506628239028224
544517264054423552
500384777514799104
552816302780579840
553526776878469121
581295858898989056
581063753837481984
500427786159681536
524949628689461249
499520839860367360
525021050627973120
552814213081866240
553587735613952001
525040097272819712
544328673097039873
525047349757100034
552804810463117312
553152448077258753
552787321561812992
553101388926840832
498272309535191041
525048987649576960
544352727971954690
500354471525109760
552846337746952194
524932574909857792
552841477819473920
500278858156085248
524961721744900097
544318880001560576
553548567420628992
544291619084959744
553220369721483266
544384255825289216
544450710926934017
500408184562257920
524956129017995264
580339547269144576
524945814796644352
552784898743099392
500277477986828288
498264107460870144
553558982476828674
500305514447003649
524930671220105216
524933657493250048
544382249178001408
524950404283772930
544519284740079616
544281589749137408
544452299641192448
553474965278691330
500394061887709184
544341194822520832
553196453938855937
500388199064420352
500287491182579712
553580499395174400
544420349052342272
544356724871036928
580337320508919808
544326782334558208
524955557686284288
544358564484378624
500361302238564352
524963878904823808
524974318087061504
552851847581413377
524954833648771072
544483404528775168
525044262648676353
524962142563610625
553591049541914624
580317556516483072
553542442373619712
498486539585069056
500266977814790144
499424290748780546
552841562963464195
580359480782786560
553189840913989633
553225828625297408
581295422414680065
544351015936331777
553230614712033283
500298847550472194
544290258951892992
524968337747767298
544290995462889472
524961055211286528
553588760060125185
552794157484634112
500280809652514816
525059348574130176
580322346508124160
544314234541469696
525047079325155329
552804175310901248
499361506132508673
544271185903484929
552827349667176448
580319856496644096
553169622762262529
544377463581581314
580338165824667649
525052332116312064
498356729634390016
524925553489760256
580332532694122497
500287595403022336
553136845589319680
500266427840864256
553531781690163201
552808487924011008
499504676250066945
552830864187727876
499699479688544257
553126072905383936
498486826269548545
544358533819420672
524955170200121344
580323456996282369
544415816851021824
552816883012239360
553529196216344576
580319184652890113
552846353416867841
580398796124876800
498430783699554305
500293392060780546
544325896661114881
500316005089181697
525028171549523971
500384393362698241
552838551071911936
499704667195322368
581252958446329857
499598945417703424
544294794139533313
553585840270876672
524940659778920448
580324338865430528
580330362070540288
544309497041133568
544514127197388801
553563889104093184
544450580367024128
553222048924049408
580377478184755201
544273427075710976
553589330846183425
553176753297162240
553484760233017344
580332485030125568
544517624114081793
580360165540642816
552827553493565441
544301012492632064
553549686129561600
524971124845985792
499696733979688961
525026715123601408
524947971679744000
499695682476060673
553143519536500738
544347292493705216
553541676229472256
581264214809022464
544488899100147713
544391790615605249
544513035118075904
552803839490150400
524983599851130880
552982613288157184
552790742700417024
553574709669814272
553174247506706432
500072098178813954
581450117972144128
500296692713783298
552825473160736768
524941720249978880
500320316602974210
544465040666288129
544515538383564801
552802117908697088
525020620636307456
500292129802186752
552850725467082752
499481575059619840
500287313256402945
524981223291383809
553555979238129664
581301262269829120
544388329094270976
553224764924243969
553218001181605889
580320825351471104
553505242554175489
553105493255000065
499407248427188224
500420356621213696
580318210609696769
553495922639122432
525035832336736257
524922499466022913
553541776854634496
524949897221795840
544355197435142145
553468593141469184
544351486956670976
552823014866563072
544467710923395073
544285819108741120
500363141034020865
499531968229683200
553144964168036352
525070811439579138
544505447911149569
500376174095511552
580330302251393024
553209341520535552
524942946765131776
580359081296293888
525025695425380352
498616975850225664
524976963862429697
524943615437848576
552831881847533568
552792544132997121
544489340584222720
524978855531253760
580330441854435328
524991576163250176
552786116404072448
525027116287811584
580327418084364288
544443027570556928
553192366098898945
500295333486657536
544515489016594432
500270780832174080
524972166006464512
544274544174071809
500347920210989057
553214939838836736
553531783992868864
552821223676444672
552810625873633280
544301449845305344
524926184069808129
499411840733282304
500297243371798528
553572740125712385
544483282352889857
553526283033133056
544311814649942016
553161401733496832
499698828845780993
553496697918468096
544307040932601857
552836444835037184
553478289474740224
552816539175763969
553476471470432256
552811772038881280
552840805678084096
544308888628387840
580333759125458944
544296373466562560
544511263788003329
498292602861400064
553516197283893248
553186026811039745
552801954733490176
552982669840355329
524962748237889536
553578243173781505
544279776765431809
524955102554361856
553127086706397185
524981689781870593
552821069036670976
552786361758265344
580330721719508992
544402024524038144
525029433632366592
580377986941206528
553188382403477505
580348081100734464
581300992194572288
500284377490665472
552835301547442176
553588993993232384
552823301899575296
544515446100090881
553505858811080704
553558385048944640
500274132756738048
553474012446478336
500293511632388097
553591411602640896
500271532279877632
552814767417876480
553484780093050880
552793551231541249
553542208214036480
544340943965409281
499584618165567488
580335545265627136
524961362448240642
553586978017775616
524946753154727936
552841157785694208
552824456557887488
552849515271958528
500426667446513666
580882121222434816
500281856559161344
553503546382249984
544286686142685184
552787361437057024
553590881371320323
544405871703240704
525067419635576834
552812623658762240
525008463819464704
553580959661309952
544330861680664576
524946921547628545
524944610985263104
499694783691239424
552821570423771136
553116915325870083
525024066152169473
524923610851729408
552804491821854720
544362543997665280
524943812339437569
500350777844457473
580332312354693120
498473515302260736
524941041301225472
544304742743044096
552788945017516032
581258923065389056
553529796601585664
525029232691650561
553215879979085829
553481076916883456
500366207552196608
553570914143854592
544389493273276416
553163190138580992
552805450350362625
553532980896231424
500336040440516608
553202028575731713
524950584349454337
552845840247971842
544459882075017216
553147341470203906
500364921607974913
500360978387976192
544293753130082305
524935586025861121
544513557912879105
553205691742425088
553167814941761538
552831515940634624
524927288077746176
553536269972942849
544392718601183232
499696137708658688
553127274829328385
500398901028196354
544510402454110208
544391533240516608
553108242856177664
500319233558192128
499657584836874240
544290611856408576
499362949166030848
544284078330376192
499529014797557760
553175714128990208
553120849231089664
544316046379716608
553590072373968897
499687274326786049
544415616753745920
524943504192311296
580326871302316033
544298376851111936
544316576645017600
524929796862918656
544508725420380160
553560219981459457
553128245420257280
544301235596054528
553474514496278528
552810448324943872
544434195469045761
580333881687195648
553098571323437056
500294693356175360
552804839886184448
525026947307700225
552832232197746688
500347114975944705
500280847912955904
552808135006887937
544514569339953154
544273888725577729
552823933381394432
552821862850637825
553555705945288704
544487291465392128
499585144416514048
544319832486064128
553106714682462209
544391789789331456
553118198741356544
580327692765151232
544388259359387648
524957773810135040
580334729678966784
553206304396038145
544436330856329216
552810855503757313
553556728651210753
553126044375732224
544338731210399744
553512735192141826
553477943616634880
544513199375384576
553535441828605953
544299273664593920
580349424058175489
500378223977721856
544317301064208384
552814978823385088
553535221828964352
553535971959275520
544306719686656000
552845250268766209
544387967037763584
500383514567925760
525070933556350977
525062013551001600
553518053838061568
544307028815253504
524927695633666049
553196571194851328
524923293711998976
500359223557890048
553200573387124736
500347948635791360
553174713061892097
553473629854646272
552822696200142850
544499892010635264
552851838928953344
544480083982168064
525045203648790528
544272701108797440
524957752138149888
498277197581664256
544277650714677249
499696525808001024
500359117132017665
525033278555033601
500393152444772352
498284334806495233
544380980677857280
499610913112989696
552827981069291520
581063957684850688
553218083410952192
500281131057811456
553152215050125313
544359578612559872
553506985413713920
498250100079341568
544280217104031744
553219651594125312
525026592788348929
499689757652566016
544515850963648512
553127508150071297
553152395371630592
581303989406314496
552830850279424001
524953110285152256
544401374675341312
544290967369428992
524971258996588544
524928878075457536
544293177596067840
544402515085623296
544449039433883650
544353793270243328
552812682626465792
553557308937363458
553516364879904768
544346261365600257
552827606715076608
524946808271671297
552815387759616000
580706841769820160
525049639016615937
525023858831523841
553475430897156096
553465105028222976
524935943925796866
499660768908832771
524959778125385728
544420963429797889
525003468659228672
524947196131966976
553553724548059137
580320684305416192
552805799106732032
553183067670843392
525030165190303744
552830684021424128
553227220765130752
552847427410341890
544274757689307136
500293830827331584
553194557316542465
552843349246619648
499519439206092800
552819983915700224
580883793709547521
544282355989753857
581287562947395584
500292917957648384
499611719090450432
500386524416856064
553521697350234112
580333763512705025
500283291493494784
500420906670256128
500306548841660416
544469609433563136
498277678706077696
524959332656349187
524969501704855552
553586538928676864
524967376719466496
544302851158470657
553538483474534400
553545782050045952
544283387087691776
552833941930274816
552804408233193473
552845393541988352
499598154581303296
499435341259223040
553475269873643520
524944569528750080
553553244845522945
580351083383517185
580320161082830848
553164381673259008
553570818031374336
498274692873351170
553584868685520897
544385086955589632
553524086417424384
544351969658564608
553108804934856704
552791332935434242
524946609453678593
500360018928353280
580883100533690368
552808620187217920
500318003024494596
553472488462901248
580882674413375488
544394005182963712
500366171716067328
500327120770301952
500364250461003777
544285245600989184
499563566786433024
544319274072817664
544353918315397121
580334678340558849
553232531827740672
553196953480495105
544508479675711489
544320992361721856
524936872666353664
544511783940403201
499438052688023552
553109813807575040
524947149134774272
524943012602716160
498494758814109696
544309113694740480
580366761398239232
524935906596499456
524946179390701568
552787878351474688
544280929154637825
500282674200604672
552804784819154944
544518859290464256
580332109782466561
552817345887207425
553096753898323968
553231516290269184
553157857215262721
544520586576547840
524925215235911680
544269749405097984
500360248767840256
553169114102247424
544336736948473856
524943721302089728
552807904597008385
524970731202166784
552805488631758849
552978385572732928
499362480179912705
524925050739490816
552821287933202435
553129559173115904
553588946039746560
553554585634496512
524940014065811456
500371231183745025
524976929703997441
500421926079066112
544307871853592576
544292798887784449
524983395026497536
553160652567498752
500413818368184321
500239577387659265
552984231748829184
544288009747566592
553151980928262144
544462912644214785
552811386259386370
524941504796962816
499362348940144640
500309222635360256
553144712920834048
524964279456653312
553590835850514433
499642704687816706
498268463639851008
553559793940447234
544518335019229184
544355218251452416
552830599002857472
500224586064343040
552784168849907712
524929893759737856
552805069956329472
544301925735202816
552838074636718080
524996756220956672
553177099843149824
544433739539812353
544487579048222721
552848653980033025
544465862942797825
580328132932022272
500382265076379649
544493536771854336
499368426931228672
544520802339917824
525040492388823041
500351760402493440
580364656608428032
525049044201377793
544511151900753921
525047767325220865
553201549997277185
544462330105712640
544427543336464384
500292684192686080
580320329203093504
544409432600223744
544428082749132800
552839972911611904
544421245698056194
544451181754744832
580318020192571392
552820533507944448
500071770192216065
553475729187680258
544309006500888576
500318980007948288
580335398683058176
499581469027618816
553518472798683136
544511693204647936
524979133366165504
553505371290357761
544391176137089024
552816932643405824
498280126254428160
581473088249958400
544520615441756162
552789127792717826
500251242124173312
544503881527742464
552791182670327808
580319116302647297
581063906682114048
544516240572940289
498586725502173184
544384498947719169
544326741674967042
580348878370828288
553575984054951936
524951585231994880
553538058440941568
552796091255894016
544508035113439232
580388756043083777
524947424482435073
552978586559188992
553536236493615104
552798310889566209
544519635916169218
552797828977029120
553229626756329472
580319005703069696
524945170777645059
544429942323167233
552815274848964608
544384394337611776
498286045843435521
544499780479893504
553530558614351873
500301519854379008
553137713163943936
553138330557108224
544316500002484226
553177833686589440
500302115458523136
581247332282306561
524949837729787905
544417650680823808
524983403775799297
500369391339724802
552983615747796994
553224082213601280
544350480780914688
544378769952505856
552807783385800705
500374427448516609
544290646010261504
553589121776898048
552816561514635264
524973811092193280
553097004138913792
552785443813457921
581460720900050945
524936137589411840
552815182708494336
552841460681572352
553589372084162560
499700579527299073
544305540286148609
500363740311982081
552832784046108672
544492454016475137
552806932176977920
524935816603107328
553588012752568321
581404604677660673
552786016906383360
552788947219533824
553155988917075968
580321156508577792
525052223030845440
525038096086499328
500327106824245249
552793552376569857
544328324601114625
553223992300285952
552797406094716929
499697498072420352
552801028262096896
581307361857392642
499655249398075392
580351149619953664
553198972287082497
524932056560963584
580320745974288384
500369097360953345
544275597464444929
552806309540528128
553017543330648064
553195827397926912
552787914271510529
544519486498676736
580319651399385088
524944399890124801
544462911729455104
553573365798416385
500359075045990401
552792802309181440
525067386849091584
553149163181838336
524981945131102211
499574200596983808
553535642848989184
544381860214603776
500287857727377408
581437061363675136
553159773555023872
581254429996920832
498463733447163905
524966904885428226
524941318389501953
544419008615702528
580336394184323072
552978225094078464
524954028287877121
499691556652449792
544448991518130176
553173371043995648
553205427253829632
525040408653754368
498507434693246977
524956294395224064
580318938996740096
553530667821457408
500234112054341632
553114307383541761
552806937470201856
524949069945634816
499692589143298049
552980288394231809
544389259491172353
544356579098001408
498322865843109888
499368533378498560
524948866773184512
500280477920796672
524931110279852032
580326398620934144
498293668655423488
524952883343925249
544273563872538624
544392801836728321
553588053348843520
544407139205132288
500396366829735936
553216451780554752
553589295525941248
552846886626164736
553128325217275905
544351967829839873
553103334626701312
544280077778055168
580884605097664512
552795050502270976
544518696463765505
499606278910398464
499525020708634625
544450135988899840
500398504075071488
525025806079504385
524936592159698944
524923676484177920
524961659685588995
552799062421164032
544426421331169280
552845136414380032
544395712130449408
525030963781595136
553145422097969152
524977812852461568
580342670511472640
524970488590651395
553528788383191040
580320563891019776
500280422295937024
499497872564703233
544521166543548416
524956372199555072
553234456522522624
500328451929559041
525029954908860417
553136990787342336
499394946416529409
544518337498058753
500361847070269441
499651830951841794
553589606307090432
553470977972375553
552851629624803328
544332613532811264
552846811359350788
544291804057960448
525019992337551360
580336528955691008
544307547390607361
544477834396577793
580322332348190720
553165231275663361
552831624283693056
524969137660231680
544305745416581120
553493785523400704
552845028130037760
553169307824177152
553117857609809920
581262528107384832
544444409769512960
524980579956449281
544384825332101120
553163210715844608
500347484154372097
500332933098385408
552805175874686977
552850533523136513
553131791553667072
553588178687655936
524969201102901248
544297950134816768
544275138712469504
524929559909916672
553218599390040065
525058825909731328
553513403512532992
553545906155712512
553546063752478722
553487356733313024
500247666924986369
524999488067633152
500328583194509315
552785551930454016
553484530804613120
580340423044018176
552790824971677696
552814216550563840
544323127522906112
553558108866637824
553485452943302656
552799669521481728
544516164333080577
553145690424344576
500277526590423041
525038517844709376
524978912145985536
524950679274942464
544440749387808768
525039002307424256
580370249712697344
553180071775993857
552832019940376576
544269997745242112
552845542536261634
500367591773179904
553145755079569408
544419416578850818
524964564018790400
544280650455728129
498294248488574976
499565555645685760
525044678765187072
498300832648273920
500339209715335169
544279945128591360
500413489882484736
525012247249428482
580336661206331392
500277808883830784
525039876366798849
544364000897945600
544302938374426624
552824126659104771
580329875891974145
553500238246608896
525029913230053377
544273220128739329
524926445496197120
552980714610634753
544326597055369216
544302821450207233
580321327845765120
500396175753633792
544309275141885952
499648409767538688
544512664769396736
544447757860483072
524923462398513152
525053517531062272
552825211654246401
553546029212389376
552980557836337152
524970097711267841
580319078155468800
552849797892542464
553553813542797312
553529935789559808
524935633463037953
580336341080260608
524937421180653568
544301025079730176
552830668607348736
553575232867672064
524948941956448257
552982560146726912
524987851046658048
524973223356940288
553171877464920064
553168792017457154
553181500104269824
544308531684335617
500335761615355906
544514564407427072
499699779426066432
553162589744926720
552826581916594178
553477554041257985
580323498905702400
524979946218061824
552806117328568321
553133704881917952
553555848794877952
524974566830247936
580322066374721537
553544419602104320
553543032642220033
552840740007866368
525025279803424768
499695460358311936
553487579077550082
544284483453595648
544282127404388353
544282449388519424
580332232121933824
553228537084116993
553169577228926976
544372257674788864
580331843616133120
544444261027299328
525021358879936512
524966565788520448
544515072203444224
524966582544781313
544271069146656768
498262106937237504
581061237783556096
553488054640340992
500283831803326464
500287538578587648
553174789561389056
581063377226637312
552817965813739520
524930538009006081
553535765997969408
552845255796461569
553552293371871233
553177082566836225
552785367972450304
544284526684286976
552839416620658688
553590891852886019
500375440285237248
544500883963518976
544503037973528577
552808071387701248
581377529124130816
544511676088066048
553214726629781505
553591084409184256
524959027516932096
498269289812856832
524947716393414656
553531130163773440
552814317096407040
525033443076628480
544510219401703425
580349159569539072
544464695646617600
580336568419921920
500359125310922753
544458427263512576
524960245509287936
553583670343524352
499607500187250689
524930575472136192
524965775036387329
544403765575839744
553486529231089664
553147368913506304
524975093966209025
544459333983948800
544480905532669952
553479222434729984
580353540725452800
552784600502915072
524975552638504960
525005886272843776
553493510306152448
524941132237910016
552805267990413312
580326744357515264
544388658334146561
525036457732231169
553469523945590784
500383956362334208
552819350504493057
524982954880413696
553101451271352320
544298959993200640
498602841335169024
553115168084074497
524927356830760961
553532452472238080
544306402731507712
544475905926524928
524931324763992064
544334554631536640
581296960830881792
524926698165633024
580883727624065024
544321934410788865
544318036715782144
544334431830286336
580347068457308160
553102901619748864
500278045597368320
544307776135364608
524975031059632128
499697037156171776
544381144620216320
499366930457710592
544381485591982083
552814845016694786
524998110268096513
552843136238899200
500254607470518272
524940030109036544
544410576894427136
580325714567806976
500322373359661056
552810138114195456
544300369765859328
544517264725516288
524948264886759424
500286805720449025
544355417900716032
544428943080951808
500377145349521411
553172769819852800
524979070288019456
553587225901154304
552790875492073472
552788886355996672
499532858399412224
553115341338198016
500285938824908801
544317609718865920
553486439129038848
552836695754678273
544510827433558016
524943063937208320
553483415954411520
552827008800280576
544288661253398528
552838559393013760
544511199702822913
552803757864787968
580320893668364288
500394005419409408
552830966411321344
553588889084891136
552801829290270720
552982124274647042
524934142958788608
524967811081195520
544396563116589056
500375737439096833
498256407980826625
581183387848859648
552799591255384065
524974885362479104
524998881676107776
553181902543126529
552823108537954306
544513339544838147
552790371848040449
553519375521951744
524994218964815873
544384041391517697
524953017389707264
553587672137334785
544373676842311681
580324721381740544
553556060569862145
498274493337702401
552833028201144320
544339368823894019
500363602943942657
544350567183556608
524934827909210112
552812984343330816
544308156625481728
552801880812691456
498483279943962625
500360095738626049
553215383256432640
544283374911627264
553226143307161600
499696948296028160
500370188970524672
553470492565602305
498512372584415232
553543319423553537
500335927248429056
553539778088816641
544313132865159169
499649754822103040
525021697003782145
524937330923417600
524955062486196224
499397804620386304
552783745565347840
544365130138808321
544300088747884544
524950455743291392
544395562666037248
544337816298070017
553535468290453504
524945197705461763
544338575240609792
544496262629036032
581386094337474560
500310127896199168
552848701312737280
544298354029506560
524941529928839168
525036214286815232
552809042687819776
525037656820826112
500288263320768512
552796506642591744
553175550231986177
498489114384420865
553227389061582848
544514645571420160
500360558806568960
581248880098086912
524988027425554432
553566026030272512
552814916567322624
524985092343889920
552822076676255744
553591475830009857
553546551709409280
525020326816927744
544374871812472832
525036180379676673
553521417598550016
552805735885991936
525067500447612929
544373515067998208
500306837103968257
544401106617786370
581550667753504768
524967298604359684
525068915068923904
544401029211496449
553499806883381249
498345343629541376
553536887349325825
500278169828470784
553186515359379457
580331071457333248
524964929083023360
544343410849886209
553218279557582849
580334563932549120
500321184269881345
500405877460193280
553587329626292224
544321103875694593
580333827425439745
544350565283532800
499405449951584256
553567850301231106
524937204552843268
524966946467749888
581302544116379648
553185370108878849
553553202197827584
581062604988162048
553575803733426176
553542337553764352
553137849663361024
524965786059026432
544402785966772224
553099479381848064
524969483317026816
544516427827249153
580357537083576321
553171989385728000
553136604882014208
553542784800792577
524958516822671360
544281591833317377
525022663102963712
553547836517007360
552840067199533057
499655869412286464
553587013409325058
500303238810574849
500363097698086912
500360094924931073
544476808566276097
580347290633838592
544348392944463872
552787231468191744
553126492579053568
552822043490938881
544389986809036800
544408496918499329
553586860334010368
544286537299787777
524989654995849216
552831705351225344
552818821460148226
544271743331078144
524947744809418752
525027317551079424
553538523266318336
544401599414943744
524932935137628160
581386155083620352
552807598966059008
580329455173967872
525046432085327872
544288135564107776
544427216516698113
525055967076290560
553136565296582657
524977651476623360
524929550493712384
524984773211860994
524954630279925760
500358061698347008
553210869010935808
524935023380545537
544382892378714113
553529101659566080
544302827330224128
552796522904297472
524975142641086465
524923480173981696
525026031833718785
544437156505067520
524977321430630400
525058578365698048
524943886553468929
552817785949396992
553099685888790528
552810804186460161
500379259698176000
524966596897685504
580699825030754304
524935769614331904
552833681111658496
500289307257868288
499647059688173569
499568802267672576
500358526804316160
552802654641225728
544301624814870530
553467311261503488
553218281705066496
524924346411020288
524955304199352320
553115176057065473
553165418639413248
544272155144646656
544305999994421249
553547270264979456
552816062593761280
553575450329378816
552839270395035649
499690604302192640
544277113683980288
553468492700454912
544373593841623040
553561170637238272
544511391349354496
544463201875025921
553553173743677440
524954623145431041
552810124776308736
553211397782654976
544285296565948416
524977992683237376
553470140042735616
580336326634962944
580327197921120256
524934941914968064
553518024272379905
544512064694546432
500314788610985984
524966770428243968
499345023721537536
544285712653500419
553587816048099328
552840037642297345
553587167394791424
498285405142540289
499441454498852864
552984347754897409
499601956491374594
544309060883845120
553466755411369985
544512676643500033
544469470568148992
581063928953876480
499705041238765568
498254929942028288
553531316797718528
552786299875520512
524956168754843648
544329935943237632
544457877688430593
552817205982019584
553102828743716864
525021132022628353
553470733180223489
552806610490646528
553591653647138816
500378338582884352
580697361799876608
553555156391186432
553503846258196480
499611069565112320
581315281630318593
544317438079139841
580334199187644416
552984798671945728
553180236591169536
552790878805168129
544288302254137345
553234578086055937
553133340795363328
553543369604210689
524932635177795585
524941124893700096
580335608477982720
524939378552864768
553227238829981698
498265095559184384
553164303650799616
552807834434699264
544396587192311808
544380742076088320
552829176018112513
500284699760427009
544420375224791040
524967631171117056
553584366803488770
544406212461473792
544350712365207552
544391085150457856
544343367279456256
544277526248304640
552792913910833152
544490782183657474
525051365195014144
544335202923737089
580331677899202560
553141935482093568
552819155859431424
544492614838673408
544367862211952641
544298121379852289
553583035820802048
525036393983381504
499647397278937088
553586781355278336
581301336085553152
498286281894682624
553551934251343872
524945665827545089
524932327907270656
499697648866045953
553540739058376704
553165824979386368
544497405237161984
500382270340214784
553207267685060608
499361679197884416
552850379453366272
552978225010184193
552804962158514176
552801115516186625
524981463033581568
552807832257835008
500391222075076610
544341406094213121
553585838056280064
499649872534831104
580359809041604608
553163862707818496
524945879455653889
552789521646247936
499674991294951424
500298752469770240
553235360722214912
524974786460778497
544268900351766528
580336849534648320
524951696376487936
553552825431883776
544478625383608320
553538939454509056
525055052801515521
580326222107951104
544385641975676929
553583847850663936
524928297986433024
580340024736116736
580352273001410560
544340091615715329
499698817567293440
499412661176926209
553478014785187840
500287224957898752
553105208008773632
524958238316298240
552811408094945280
544287499397242880
498305825341845504
544419029905985536
499702384424022016
544446282559799296
553589880245481472
498500813845966848
553554032745525249
544410079043551232
552832817089236992
553589051044151296
580337178506584064
553540617540624385
553162401940770816
500378522398244865
544338698750664704
544334939374641152
581293286268129280
524969144832491520
524960814944747520
544300361360498688
524949526487265280
553143905039159297
553104503520890880
544280707800264704
499678305134448641
544425928290750464
552834411553886209
524965723672961024
581047170637381632
552979279039197186
553198268436344832
552848620375261184
