544277860555710464
580882302621843456
524944569528750080
552806937470201856
580346992074842112
544406931897479168
500378522398244865
553186555150749696
544341406094213121
552822043490938881
500402908740210688
552829096816693248
544297827258888192
525027873867198465
524954028287877121
580333904126742528
544296671950020609
581301262269829120
552815575672836096
544287991959539713
544332510440595456
580349159569539072
553587225901154304
553203041705664513
580320856561209344
580883510103281665
499689757652566016
544494058287423489
553472225798795264
498268463639851008
580339547269144576
553535765997969408
524948866773184512
500382265076379649
553506946054369280
552794157484634112
553549686129561600
553512735192141826
553535467065712640
524964989975937024
499579905508917248
524965786059026432
552805619301097472
524959778125385728
500360596995731456
580336772128870400
500278944881725440
552790824971677696
553567716414484481
544465862942797825
553589330846183425
499571799764770816
552786116404072448
553486439129038848
524939378552864768
552822696195932161
553138330557108224
552814216550563840
524954262657581057
500427786159681536
580362104110071808
524978196589334529
553491604917334016
525025463648137216
552826992509599744
544508035113439232
552816590463315968
580325235653799936
552791196247269378
553474188259102720
544495155198181376
525059810312847360
524981689781870593
553586421626568704
524926472432410625
553575450329378816
524937421180653568
544414430025371649
524998906799988736
553126044375732224
544411313779126272
580321948070240256
499456140044824576
580319078155468800
500280249629036544
524967727266398209
524953077456318464
553561169923829760
499435341259223040
553501357156876290
544512664769396736
544472595140063232
498527404386578432
553547270264979456
544307776135364608
544505447911149569
525021050627973120
544355197435142145
524953918166794240
544341124614459393
553535227214438400
581394092648710144
553145137086607360
580340476949086208
500257166478282752
553136565296582657
544320179560525824
544305463048015872
580883100533690368
552840805678084096
552801829290270720
552809042687819776
524926698165633024
544402012570284032
552799669521481728
544435176479027200
500282606316158976
580347068457308160
552842762505428992
553591518619893760
553227220765130752
544420963429797889
552831978522021890
544428261602623488
553469263650906112
524937204552843268
544291804057960448
524991119164473344
552824383816073216
500335761615355906
524959630158725120
580341214098137089
553541676229472256
553115341338198016
553151804046082048
581299253743501312
544276998017646593
524931019745812480
524965775036387329
544356724871036928
553149347777753088
544482233038286848
553187649943384064
544296985910861824
552787231468191744
553532980896231424
544286537299787777
580332410853789696
544373839548145664
544301961638457344
553538058440941568
552805956619628544
524935586025861121
499553513471741954
544438309267578880
524946461621235712
553106869615472640
552817711617552385
552841049467400192
544289311504355328
500359075045990401
544272134764122112
553525290908262400
553554585634496512
498499836900278272
498285529704976385
544459333983948800
553583670343524352
499525020708634625
553530524183326720
552783238415265792
525067500447612929
544271284796784640
553157744061325312
553540872986705920
552807210041212928
553227238829981698
498274692873351170
525027116287811584
544408496918499329
544436279442546688
524975552638504960
553186515359379457
553139573019406336
544316684736028673
544272537341812736
552848653980033025
553169114102247424
553115176057065473
500235112785924096
553475824369012736
544450710926934017
544277650714677249
544351486956670976
499601956491374594
553586538928676864
498287166909579264
524957974226550784
552839800433410049
581546828954411008
553155988917075968
525030416261337089
544452087468150784
544292798887784449
524957925157384192
524973444946202624
553477692591726592
553477943616634880
498489114384420865
500431179925823489
553561452318322688
580343473607438336
524925033626738688
544315187608973312
544359578612559872
552978385572732928
581287795991302144
499412661176926209
525023642007371776
553105121526427649
500073002101665792
525003253185277952
499600140580044800
499655249398075392
544267656597995521
553177099843149824
580325043705667586
499660768908832771
544455530756841474
552783745565347840
499655869412286464
544518044643770368
500371149713178625
553156988356820992
544277117039837184
524923148576518144
499696733979688961
544377326122057728
524944006577668096
524982699220803586
552834732325879809
544401573968097280
552845191003250688
500380881563811840
581259253429702656
553474012446478336
498303288295817217
524983581983375360
524970488590651395
552829637215408128
500293872162205697
553546292748898304
524928863714168832
553585838056280064
544453251068743681
525045709402148864
524953017389707264
544492053900836864
500360095738626049
525052526593601537
552787321561812992
525026715123601408
580364236330762240
553148984509100032
552807658869493760
499706065769201666
552790074166108160
553145603665186816
553188974811185152
580340024736116736
524944881941495809
544461661055098881
544440749387808768
552826724774592512
525019752507658240
553190729447919616
544427133398175744
544395613043818496
553215383256432640
544518033902149632
524949136173694976
544301453717041152
524974786460778497
580333881687195648
524986820850106370
525050632211021825
552796863297236992
544510345289924608
553591049541914624
524940716733370374
553101451271352320
552817675408523264
500369479482630145
581107798932631552
580322927679279105
552803757864787968
525023057526947840
581335535832039424
580388756043083777
553152215050125313
552984502063337472
580331561398108160
524964223185850368
500347114975944705
544396587192311808
498482619232055296
544388013141143552
524999488067633152
525057025785356288
552824769754976257
525048557569454080
580359081296293888
553174713061892097
544372465078505472
544474153646956547
544492843499540480
553591653647138816
525019265888702464
552850379453366272
544511676088066048
499647397278937088
544279776765431809
499346625760751616
524967231902318592
498575704582148096
544509086998749186
544321934410788865
544277526248304640
552808701065953280
552832721945628672
524935906596499456
500275854434639872
524971492820647936
553518472798683136
499409455814287360
553218281705066496
544519594438696961
552810138114195456
500358195408551936
544495167836016640
580330369603366913
544511811404705792
544353303468199936
553195852643442688
553589121776898048
552846544320618496
499527157023277056
499698817567293440
544495737770618880
524968466559033345
552788947219533824
499427833102745600
525028522361114625
544513292576641025
544477802255630336
544305999994421249
552835988540895232
544290995462889472
544291619084959744
499584511710351361
544506443626741762
544326741674967042
552789521646247936
544317709396496384
525008463819464704
498280126254428160
552806056154644480
500377145349521411
524983828000276480
524983236712476672
544337689676636161
552792802309181440
525005886272843776
544271362022338560
500371231183745025
499439795618480128
544520042810200064
552833236389199874
500358655834062848
552802117908697088
544490782183657474
524977321430630400
500240534481666049
552823933381394432
552799640488517632
544367462012432384
524987184836005889
525018799347875841
544513517706305536
544343410849886209
544502782267752449
500074069354905600
552844167681159169
525033357722550272
581274572823130112
500420906670256128
524945170777645059
524953110285152256
552839972911611904
524950159160250368
552784898743099392
552839385209917440
553210080829906945
553171877464920064
525033697045925888
544519486498676736
580322066374721537
524981513637888000
553582049282768897
553528788383191040
553535430788780032
544309060883845120
552816020403269632
500358061698347008
524980219749597185
499703127193305088
544294274674593792
499362949166030848
524940077978640384
553174639158231041
500271532279877632
553160909208559616
553205427253829632
544391790615605249
500328758201815041
553566026030272512
553466755411369985
499583424114728961
544462330105712640
500408607561629698
553151980928262144
544287203728556032
552832584045330432
524935731148775424
553185062829948928
524943063937208320
552819155859431424
500309745350508545
499700279412281345
544492209861836800
500071770192216065
544384662765068288
553548567420628992
553469523945590784
499424290748780546
544340091615715329
581063753837481984
500388477763325952
552821810224304128
544462912644214785
553524086417424384
553573365798416385
500290867681587200
500273257262886912
553483415954411520
500375839498723328
525025695425380352
544409432600223744
544312876245057536
544282714237448192
553111157738057728
581262528107384832
553588889084891136
524943226948820992
500369097360953345
552840067199533057
553576010898497536
544420375224791040
524942149973188608
552829971631472640
524947196131966976
580327625626927104
544352727971954690
524935816603107328
544329935943237632
524932792925569024
544279950929321984
544290646010261504
553523303453696001
553546029212389376
524952154482946048
500254607470518272
553590459688570880
524923678472286209
524961561677680640
580320893668364288
525032872647065600
580326398620934144
524931830173421568
553143905039159297
524945665827545089
544385535909715968
552834996265054208
524964630221705216
552791203432103937
524939327399559170
544298959993200640
580380219921580032
544458458527834112
552822783311630336
524958409381384192
553470492565602305
544471218951581696
524948941956448257
552805853762699264
553588494661337089
553555593034596352
544511112654618624
500310127896199168
500364250461003777
544450135988899840
552982263907241984
552816302780579840
544506628239028224
524939818347028480
553591084409184256
553144712920834048
580330362070540288
553117857609809920
525044678765187072
552815387759616000
552832019940376576
552822604206460928
498280730070622209
544317165965303808
552821069036670976
553216451780554752
580706841769820160
552841043423805440
498255816034893824
524968330172850177
524954313337364480
553164985460068352
500363141034020865
525046432085327872
544316904861478912
552841562963464195
552809418417790976
552849797892542464
552804784819154944
580323498905702400
553201539737976833
500383514567925760
544334477011349505
524947971679744000
553213740137467907
500290456845299714
499705599454883840
553205115830951936
498480911243948034
544278335455776769
544280399044960256
500331134040162304
524935758143324160
544492984880754688
552819064301961216
553224215676354560
544514569339953154
525040408653754368
524926279309860864
500281131057811456
553572740125712385
553526776878469121
580351149619953664
552820384039706624
525029433632366592
552792988376915969
544466903364673536
552814845016694786
544305673287524353
544389986809036800
553480333954678784
544372177965834240
553165231275663361
499362441697193985
580699430690656256
553541834975498240
499693137670205440
580333763512705025
553127508150071297
552829481962835969
552802714816905216
500237448798949376
525001895631654912
525044725926330368
553110339236409346
580883727624065024
544406212461473792
580336394184323072
524932935137628160
553115926531674112
553210869010935808
552837147305455616
553474514496278528
525002842021445632
553590653784195072
544501464849059840
553591475830009857
553580959661309952
544407139205132288
552783667052167168
499611069565112320
553543369604210689
544281235271745537
544296465619619840
500413489882484736
552836586191474689
500359356589019136
553592023392202752
544394005182963712
544512910538838016
525055879545380864
552792271243210754
500352655827279874
544512676643500033
524931083797004288
553555293645590528
498357910603575296
525011494896148480
553215362058440704
500422971320963072
525068915068923904
499621957747224576
525023025792835585
553121732387946496
544298346345947136
553162459885096962
500286865963245568
524961016904294400
500072098178813954
580318717860532224
499697037156171776
553569333150896129
544282355989753857
500347948635791360
552849662991151104
500335927248429056
552787144373460992
500251242124173312
553098796108750848
544391789789331456
552796269069209600
498507730395484160
500294349872062464
524975847846203393
499693751720501248
553555848794877952
553478289474740224
500383956362334208
544282877278814208
525035552643751936
544389493273276416
553196953480495105
500404132394459136
524994218964815873
500278365031370752
499568802267672576
552845136414380032
553584292090359808
525026031833718785
553136990787342336
553586305272389632
544472800379940864
499690604302192640
524957517294886912
544292670336925696
581315281630318593
553101388926840832
553193480319942656
552801115516186625
552792131447037952
544340943965409281
544406665223999488
498269289812856832
500382270340214784
524981557770350592
498294367405477888
553162401940770816
524958599433691136
500307001629745152
552838568717344769
499387698390790144
553503184174710784
524945095322513408
553547659404148736
553571432475951105
552806077755326464
500309381930844160
500277625773121536
553588106587545600
500394061887709184
544327577406410752
498292628455034882
524935085863481344
553495922639122432
552845711289909248
499699366660423680
580359405620858880
552850725467082752
524951711941922818
552805267990413312
544470979842281472
544443027570556928
580334563932549120
552812140479148032
552827553493565441
544277516773380097
500366207552196608
544374511194632192
580365806720122880
552978099357237248
544338731210399744
553553331671408641
552785551930454016
580329875891974145
499610913112989696
544292129972170752
544296373466562560
553192366098898945
552807783385800705
553537870431268864
553591411602640896
544362279006113792
580327197921120256
525045203648790528
544412767240085504
553501773517033472
553537740588220416
552799062421164032
524962748237889536
500339512082698240
553163862707818496
544515665319976960
544274757689307136
544354175900196864
552980760500916225
524928297986433024
544513407400304640
552786340958715904
553115236992290816
525069189447704576
553225359928213505
553540739058376704
544512064694546432
580320242020290560
553219651594125312
553544039241224194
544379489263042561
552851847581413377
524993533212897281
524979946218061824
552848701312737280
544272155144646656
553175336926449664
553562446456422402
544288799711592448
544497405237161984
553172900270727169
524943114885427203
544280397472088064
552983966932688897
499704667195322368
525047349757100034
524977651476623360
499689349420568577
500326267640905728
524973223356940288
500320616428601344
544377700677615616
524954833648771072
499397804620386304
544288681021145090
552837644959621120
499705246642622465
553207267685060608
553227389061582848
544391176137089024
524958383468978176
524935345998422016
553535829017370625
500360094924931073
553200769671761920
544376469279875072
544273888725577729
552828400843620353
553502311872733184
552996335319007233
553532452472238080
499410965075886080
552786299875520512
524948206023880704
553587329626292224
524967811081195520
525056576038518785
544304200423723008
553517713147301888
499619724222038016
500297243371798528
500285919539511296
553541776854634496
552822314157768704
524947716393414656
500343812863311872
552828573896413185
553188115033387008
553175714128990208
544315864397258752
580327058158551041
500277940253634561
524928878075457536
553542208214036480
524969963850051584
524949884143927296
552982669840355329
580377478184755201
524940940721418240
544277817987330049
524982531075371008
553588012752568321
544492454016475137
524949733983657984
552845542536261634
544521141335764992
544289448150986752
499673142114013186
524949897221795840
552788396733906944
500279571988877312
524950887119482882
498285405142540289
524955159840182272
553578243173781505
525021083892994049
524968337747767298
500277477986828288
581063957684850688
552837132491186179
553136845589319680
553509146730176513
524948710812581888
553103772852191233
524972443308683264
553558126147149825
524953840127574016
500405877460193280
553099479381848064
500320235841265665
581257660118491136
544297950134816768
553559880599359488
499687644045918210
581300992194572288
524935023380545537
544385829180035072
553140613051215873
553566877956734976
544346261365600257
544512108885725184
500354471525109760
500326873407455233
525055967076290560
553129378969047043
553144964168036352
553232531827740672
553518024272379905
544306591235710976
524969201102901248
499702384424022016
553137849663361024
500070699768496128
544495359800930304
544520932405284864
544392801836728321
553133704881917952
524970851675176960
499403422278619136
500322486362202112
500376174095511552
499706350759206912
553557308937363458
500293392060780546
552822450824962048
524930499790131200
553490238979727360
580335608477982720
552817151112142848
544308888628387840
524955385480753153
553572754746638337
499405449951584256
552807536894947329
500296080710705152
525019992337551360
552844593046097920
498507434693246977
552825844755083265
553551286793416704
544382892378714113
553475729187680258
553587352086384640
552813590919778304
524961659685588995
580882417117958144
544414634308939776
499699803576881152
553199320053592067
580359057825009664
553216460164968449
500291116403789824
552979420227842048
544517500118249472
524954105471840256
498248648699150336
499377813758443520
544399927045283840
552838324977545216
553556844665659392
553156573607251968
552785443813457921
553484365012148225
524993523746373633
525055052801515521
553214726629781505
524998881676107776
544325896661114881
498274493337702401
544287083343671296
544489340584222720
580334678340558849
500385868041842688
553166766977740801
580326473803767808
500306837103968257
553177321218514944
524924954287296512
553157857215262721
544334623023452160
544281589749137408
552804962158514176
544291965513134080
544515072203444224
552822544341139458
552802606696136705
553503909692841984
553584366803488770
544482664515121153
544361266718846977
524922729485848576
580328132932022272
544427461136502784
499368426931228672
500288971197263873
553582301003931648
500358977046474754
500408184562257920
580325799078793216
544273256174198785
552830599002857472
500287479015292928
580319999887347712
552978476605923328
525027651908800512
524967298604359684
553115168084074497
524941504796962816
500278978557804544
525024066152169473
553192641328734208
544459882075017216
544317474498703360
544304298243653632
553177082566836225
498499795192143872
524953391634866176
552801894092275712
499576743967993856
500314788610985984
552831506041683970
553488824656203776
544519166582337536
498294815579467777
500300813835988992
524934004152082432
544519245087121408
524975642379816960
544515999161393152
544358564484378624
500359508531884033
544306732475105283
499532858399412224
525009850104037376
524982608716120065
544362543997665280
524949306101743616
524934648473079808
524969501704855552
544519635916169218
524967711492014080
581063730319925248
525038096086499328
544285508441231361
580332232121933824
552984916070531072
553100922268942336
552791065645027328
580348081100734464
500287595403022336
524936966492942336
553488850363101184
525020620636307456
544436172999495680
580330302251393024
544290967369428992
544510402454110208
524932635177795585
553228537084116993
544293753130082305
553219770053443585
524955170200121344
553185854165114882
544477834396577793
524937330923417600
524941119403335681
524935943925796866
525023912221212672
553479222434729984
580322346508124160
500327120770301952
500303238810574849
553096978788515840
544518128798294016
544350985142173697
552833268362772481
552788886355996672
499484255869612034
524936365427806208
525060425184858112
524962142563610625
500292917957648384
553515054503821312
498497395198799872
544427216516698113
580364138020507649
544508900595499009
544518036255150080
525039686931075072
552821659103940608
525056022046851074
498586725502173184
499665704300191745
552829386773516290
553536269972942849
500288349924782080
544422678119981056
544345465311879170
525017500061536258
553211397782654976
580332485030125568
553588913747808256
553493222052605952
524975142641086465
524952883343925249
498284334806495233
553508098825261056
553586246883475456
552836829234614272
524926301678096384
544277336422486016
544369501857263616
500319233558192128
499700838127120386
544492372088717312
553197863971610624
544511263788003329
524943132409212928
500251535943942145
500417151346696192
581301336085553152
553124985137815552
524928119955013632
544460097146331136
544356997718900736
544296096244441089
580327336505176064
544469609433563136
524981223291383809
544469470568148992
552979275776032768
498492003903356928
553141087725170688
552829046485434368
498259432237969408
553529196216344576
500332042648055808
500281856559161344
500274697485824000
553184482241814530
552813420136128513
581293286268129280
524975031059632128
553470140042735616
525010245811466240
544429350376861696
544308531684335617
500277526590423041
500378874656854016
544334431830286336
553105208008773632
499682060793937921
525036180379676673
552797729504886784
552837484221300736
552817205982019584
544333020023754752
524957773810135040
580320745974288384
544286172109758464
544300674448887809
580333759125458944
553145034720030720
500361302238564352
580318020192571392
580335398683058176
544352874969698305
553555600911925249
524982066564567040
524958516822671360
553529789794250753
500413956230365185
524944544681705472
525047104239333377
500286984162525184
553489837542899712
500258409988763649
553590522800275456
500287224957898752
580327418084364288
544328894812549121
553119235904643072
500299904817049600
544356579098001408
552978376424964097
500289154581008384
553586959596396544
553216909022605312
580885624883904512
544283745939767296
524979548195024898
500360248767840256
581061237783556096
524950679274942464
525027539845410816
499411840733282304
498477676219600896
580322453928431617
552801954733490176
553229808260632578
580347646465949696
544511736465072128
552808620187217920
553180503969644544
580326012749221890
553588080964558849
498277231253127168
553493707472011264
553193866057506817
524949443607412737
499690351875981313
580347961256837120
552815017402589184
552991544731774976
553473629854646272
552838559393013760
544436330856329216
544287252306997249
552842837516386304
553540719714271233
553534934447824896
500263680026869760
544282005941530624
552982124274647042
580333909008871424
524950584349454337
524925050739490816
553476880339599360
552791182670327808
552801979861598208
544520586576547840
552789127792717826
553551598954491904
552812847651377153
500332933098385408
552812682626465792
580326744357515264
499701423135678464
580337292838981633
525026219100995584
524968205690089472
499359735947087872
553105460887572480
580352455952732160
498293668655423488
553551435762503681
544514883484520448
553160652567498752
552810855503757313
544480905532669952
553591841996951553
553476600985948160
544281591833317377
525007169956347904
544287815790755840
525034457086959616
553566829273423872
544511693204647936
524978912145985536
544287425380360193
544323127522906112
580327960638521344
544519298015039489
525035564014526464
500372391407931392
580356429615337472
553513403512532992
553469733656203264
544300369765859328
581248880098086912
524945676443340800
580319005703069696
553218001181605889
524984773211860994
498325055726559232
544518335019229184
544446282559799296
553173371043995648
499361965035491329
552791115599192064
544487291465392128
500354853680340993
524970444156571648
580371845997682688
544436666661085184
552844104418091008
544282449388519424
544505129810944001
544434475807936512
553128245420257280
544316046379716608
500299227969646592
498265095559184384
500284871541940225
580334199187644416
524996383120818176
498277678706077696
544377046030635008
553540934118694912
552830864187727876
552804175310901248
553141732452626432
552980261512949760
581409613913804800
553218599390040065
499622667142844416
553591259672379392
499699989237747712
524925124303396864
544434195469045761
544512691948498944
552845250268766209
544516101556961280
553122359398260736
500364921607974913
525071376084791297
524947870735429632
544272561266503681
498296205777326080
544298334354411521
553174353735872512
580339793122447361
553177833686589440
580884417343815680
553531783992868864
525011747007377408
580326807704088576
552785695845396480
525033443076628480
500379259698176000
524933600433938432
553151670796820480
552823940440403968
544323933634564098
525065123917221888
524924225463668738
553591055833382913
544410576894427136
552814916567322624
553542628097019904
552832784046108672
524955102554361856
544520795511611392
553553244845522945
499362348940144640
552823949311369216
498248415223246848
580320684305416192
524977992683237376
524940659778920448
544280650455728129
499530130487017472
553220369721483266
544415816851021824
524934827909210112
544491151118860289
544300088747884544
553518053838061568
499519439206092800
525026592788348929
544426670095368192
524926643325132800
544284577318318080
500287538578587648
544409517224898560
553108242856177664
581404604677660673
553145690424344576
500298091627823104
552786818853113857
524980504324358144
552830966411321344
580370249712697344
552816062593761280
553531802347122689
553539778088816641
544289880805605376
524934381828603904
544430771688439808
499463629251837952
552801028262096896
524950507023245313
544385641975676929
544316814856306688
524931324763992064
552824462958395392
544340812448804864
525070811439579138
553104539898089472
580335578069209091
552802128688078848
580883864521818112
500296158476906496
525026947307700225
552845671477153793
580334729678966784
524943504192311296
524961362448240642
553168792017457154
544380433014591488
553107921081749504
499638207987089408
524948268355051520
500270284117925888
499592320900431872
544282250503012352
524946609453678593
553212962044149761
524962072262881280
500246996163129344
499397048878501888
500283291493494784
500277808883830784
544421245698056194
552845028130037760
553184958958022657
544288773023203328
525040545870385153
553189526177579008
581062604988162048
553471193110421504
553144428584398850
544316500002484226
553185716218650624
553514505633017856
553546679161745408
580359809041604608
553567184002502656
544350567183556608
581063377226637312
553574345235103746
525008613392515073
524937675115999232
544436750097973250
499408845127819265
544511865729323009
544511434840113152
553184643055644674
500367267901632512
499407248427188224
544480083982168064
553118198741356544
553570203678683136
524955062486196224
525039242771464193
525033625788907520
525012689568161792
524934507892580352
552847905498103808
500363831957135360
553578029751226369
553141935482093568
553188214522249217
544335202923737089
553468492700454912
499601812005998592
524983325275197440
552833795142209536
524958238316298240
500411513727750148
500420356621213696
544473507594113024
500325111497777152
553588704913416192
553541988490825728
553537537126694912
500378338582884352
544514474963922944
544516530160300032
498463733447163905
499369948943495168
553514329166061568
500287857727377408
553099685888790528
544279262547935232
553215658784456705
544465040666288129
524947867975561216
544271815007145984
544511130249744384
500308076004929537
544419008615702528
544403913076924417
524990163446140928
544504859290906624
553167429665587200
544302851158470657
553484530804613120
553214597055135744
525016983646244865
580351083383517185
544409400941625344
580317998147325952
553157600225677312
553098571323437056
525029232691650561
552816600995614721
500358258654470146
498264107460870144
580323877429112832
552805069956329472
552787914271510529
544417650680823808
552796506642591744
544298354029506560
544346359948910592
544313370892324864
524964564018790400
552841477819473920
499648409767538688
552816539175763969
544285245600989184
544351356824604673
500302577557573632
524948790227517440
553561170637238272
544519694401941504
525025329916948481
544355987608444929
544269749405097984
544299439087550464
553493510306152448
525065430713790465
552796091255894016
544283772569788416
581288928646340608
499605248747786240
500283831803326464
524923293711998976
553207514222063618
498512372584415232
499575076468305923
500252508884070400
553486796534054912
553490160344502273
552809336360419329
499584618165567488
553570370192949248
500359377585704961
544306402731507712
553109813807575040
544511560249790464
544336736948473856
553500238246608896
544298376851111936
544317438079139841
544409869990633473
552807528070131712
524965077318107137
552850022271033344
544314234541469696
544367862211952641
544387886611570688
580699825030754304
525030696738652160
553161476928978944
553545782050045952
524958128392376320
552842580929826816
581307361857392642
552808776492130304
524974885362479104
581318271321931776
500295333486657536
524981436252950528
552807191775043585
581295858898989056
544313132865159169
500355828227252225
552850533523136513
500359323588239360
552817490263572480
553174536028303360
544389259491172353
553481076916883456
500280658665537537
544300178443100160
544503881527742464
499683602452717569
544393889113600000
544467299218886656
524953569762766848
544369667096477696
544378769952505856
553531971457265664
500286059918274561
499574200596983808
552827123963281408
544337816298070017
552842642216988672
499524024012386304
581314363644121088
553587303172833280
544514538797035520
553589051044151296
524978855531253760
553229626756329472
553515827073261568
544391085150457856
552851679905734657
524986649315667968
544301455952588801
544300256981430272
553554032745525249
552812984343330816
524957554829717504
544434964985421824
544301296099270656
553467311261503488
524961908903149568
552832817089236992
500266977814790144
553151700950065152
552846938677059586
544281689233850370
581460720900050945
552824126659104771
499649754822103040
544506678922977280
580337826279124992
553558982476828674
552793679082311680
544496062321664001
553102901619748864
525037656820826112
552849316021551105
553098799380717568
544516514519343104
500277854341697536
500286058664579072
544508725420380160
552830433688571904
552822739388882944
524924034124107776
580318210609696769
553461741917863936
544518859290464256
524945197705461763
524983599851130880
553143519536500738
499687274326786049
552836775191019520
500369391339724802
525046462460477440
500280847912955904
524973920722878464
544288009747566592
544359422726664192
552788945017516032
552807236339507200
580387098039046145
500070108099002368
524976526891417600
544407300329709568
498556324868009984
524971165056782337
544512187171995649
580320856905269248
553537939041701888
525006847095615489
552804763461775360
580326111311171584
580369978546917376
500180625312083968
552824742097719296
500284699760427009
500357713260724224
553529334892609536
500358907383275520
499387993879511041
553193210269298688
552813494345940992
581386155083620352
544500883963518976
499361506132508673
525058976376193024
498473263862149120
581450117972144128
580323060533764097
498515980205948928
500357314722156544
580322653472493569
544357264333615104
553533499643547648
552784168849907712
553472437644320769
552837078854410241
500350150695743489
553187683510812672
581153923987206146
553590529548886016
553529796601585664
544463201875025921
544307871853592576
544514645571420160
500382853147164672
544371668131393537
500295393301647360
553145236268916736
552808135006887937
499368533378498560
525059348574130176
525007664544493569
544275597464444929
524940014065811456
525002243100401664
553139203320860672
525024181218725888
552784526955806720
524949435886096385
553231516290269184
544301012492632064
580326073776357376
553550448154910720
553198107278987264
553589657695715328
524961589406216192
553108804934856704
552804394727927808
553586860334010368
552814494381256704
544421653128556544
580325458870460416
544291829290508289
580338392782757888
544433739539812353
524966572277129216
544431559320014848
580372127125131264
544516381031792642
544271185903484929
544394858405060608
544324741239037952
552817345887207425
544511915158810624
524981427260366848
553547637832843264
552825083941879808
552833658017824768
552807832257835008
524931110279852032
544423869981802496
552836975741632514
500368901365317633
544286724831318017
553556643456507904
552825664307744769
498277197581664256
552984231748829184
553487579077550082
524941727753568257
552804839886184448
525019469983531008
553136604882014208
524983146266505216
500072334578159616
524970731202166784
553133048611753984
553589860892942337
544445364322197504
544273427075710976
499705269434085376
544301589931241472
580328302939889664
553489393202499584
500364290545958912
544343625069379584
552810124776308736
553589055116836864
500270780832174080
498301902048997377
552838551071911936
580331192316198912
500378522788315137
580324721381740544
500278485001457664
552795050502270976
553558131369062400
544383230091464704
553473416905629696
524964948683005952
544391323214573568
552831881847533568
544319832486064128
524964457936863232
580357537083576321
500280838710247424
553550301886955520
553222727700865025
553229956830875650
553589606307090432
544268732046913536
524943721302089728
544315472075042818
524974318087061504
580323815261016064
500391222075076610
553195808930410496
553583809602801665
499368931367608320
544464812621578243
544514207933542401
552833681111658496
553531343834202112
552982560146726912
544337283801829376
553556984273072128
553505371290357761
552837086425128961
544350712365207552
581061914001821696
553470907629707266
552831705351225344
524975093966209025
552801438821515264
525030165190303744
553503846258196480
500359125310922753
552815712432316417
524961721744900097
544288302254137345
552986187364065281
498256407980826625
544305913260433408
524933399828369409
552799591255384065
553113536625664000
553124268196642816
544513524438155264
499700083265269763
544274934835707905
544515097625108480
553470733180223489
553176976698376192
500298847550472194
499481575059619840
500297358908071936
524927288077746176
553554351633858560
525033778637721600
499366977497214976
499456913902284800
500328583194509315
524942946765131776
525031558949134336
553590881371320323
544516427827249153
553545857304629248
524934673760530432
500397785246466048
581303832895885312
553588374280601600
552806309540528128
524977812852461568
500320680810795009
525028171549523971
544391533240516608
581303989406314496
553535862911541248
500370960093302784
552831230735962113
581405344288608256
544282015487787008
499696948296028160
544268637134393344
552786099899494400
552805050620604418
581183387848859648
544274364288364544
525021132022628353
500224586064343040
524974106308251648
580317556516483072
553130148107943937
552814766369284097
553127086706397185
552846893588709376
544284078330376192
544374422056882176
500175929902395392
580319206400475136
581132461960249344
553488054640340992
500308708988301312
498489451954573312
500286293688193024
544483404528775168
553549680538578944
544317609718865920
553553724548059137
500360978387976192
525050193360613376
500318980007948288
500315532382707712
544409519380758528
499560002341044224
498504673339666432
498472666802958336
524952808110694400
500325220193153024
580323152103911424
552840740007866368
544317301064208384
499383640267423744
553555979238129664
553126492579053568
552813461953323008
580321844089212928
544384041391517697
552827008800280576
553478014785187840
524938107142283264
500242061279637504
553169577228926976
553592040374947840
552805175874686977
544275138712469504
580346824269103105
552795773180858368
524949628689461249
524936592159698944
500359117132017665
544273459199893505
544341194822520832
524957647653863424
552834461478715392
525037540508594176
524949021744713728
524929497205055488
499438052688023552
544404673357021184
581473088249958400
524979179235069952
580331843616133120
524979133366165504
524949828711620608
544339368823894019
580320267777511425
524951585231994880
544412083714928640
499345023721537536
553556060569862145
553572111441465344
553502180666531840
581061272856326145
552978184413921281
553472488462901248
525040767317082113
544277852968210432
499697887434248192
553487544508493825
552805488631758849
524931752725585921
544293021995393024
553587546614427649
544467710923395073
553555156391186432
544515584931528704
553589372084162560
552828474814398464
524947416869388288
500360244187635712
553553288625672192
553227288859664384
524996756220956672
552993818816299008
544405761925738496
553163210715844608
544309497041133568
499497872564703233
553200085132009475
552799317602615297
544390017930383360
525069912679923712
553536397731442688
553163190138580992
553536236493615104
553487625815064576
552812572731527168
544307028815253504
544396608704901120
499648712596271107
553181902543126529
553196571194851328
553480082996879360
499404849835175938
524932327907270656
553537380209401856
500388703114895360
552982813671043072
553536358950916096
500277311652913152
553557753558757376
500403838877462528
524937597206790144
552812623658762240
500247666924986369
544365585417527296
544293261506928640
544422134127525888
500298981558063107
552797638807281664
500393152444772352
544282127404388353
552834558706847745
553555705945288704
524949439367380993
544301786849640448
544324444773433348
499612545909415938
544350087020019712
500389488217309184
552785367972450304
552833483325059072
524937542131793920
553189840913989633
544323086841954304
525058825909731328
553473369539366912
544475686740967424
552813988644659200
552790838015979520
499571347375136768
552827164677373952
553185825065009153
552848620375261184
524952341561491459
500362377062547457
580371776619839488
553218279557582849
553470382129565696
544328324601114625
544504954334224384
552816561514635264
525045145079533568
553172148085620738
553130475032563712
499541439962185729
499579650926858240
544384394337611776
524967510563889152
552814978823385088
553167814941761538
553230614712033283
552851838928953344
525022700923019264
553480702067736578
552828280806850561
552839270395035649
553113509152952321
580320890086383616
544309177859203073
524936137589411840
544350565283532800
553570914143854592
499642374428307457
544274879055675392
552805596198871040
524943886553468929
525033278555033601
498298040881782785
544513557912879105
553484760233017344
498506343368519680
553162589744926720
544277728930062336
500344846612447233
544373694068686848
553152448077258753
544325779199258626
524937574281121793
498486539585069056
544382249178001408
544419416578850818
553530667821457408
544513339544838147
500384777514799104
500305514447003649
544510450101415936
581290271997968384
580337178506584064
544360342995099648
524991832451981312
544515671347200001
524967376719466496
525025279803424768
524947475858472960
544376300417585152
499681614549377024
525010084003213312
553206304396038145
580327611760545792
544280217104031744
498322865843109888
580324697415360512
553540580912156672
544366723067957249
500269950876286976
524949887591653376
552839843999645697
580352540316946432
544353918315397121
580320612155060224
553581669710831617
553528503573184514
500356642329071616
500303431928922113
524927789892653056
544516142983684097
500379055594946561
553111820786204672
552985973445783552
553180236591169536
500388199064420352
524969144832491520
544301925735202816
552814213081866240
498349598197702656
552817101057318913
552821977061556225
524967631171117056
553129559173115904
500293830827331584
580336782782382081
552981833189969921
524967620588896256
499700824432717824
552811386259386370
553558385048944640
544390903839088640
553152395371630592
544442676410867712
581063145256538112
544281014768795649
500260514807947264
552810166744547328
499696137708658688
525044262648676353
499679142766735362
544516079129993216
552851629624803328
553586940856242178
525023858831523841
553585504093224962
500426437392732161
524954586696933377
524923462398513152
500381163866062848
580364656608428032
524956648151191553
544466920880492544
500350777844457473
552791332935434242
499698357397237762
500280477920796672
544425494763302913
525027958835408896
524949069945634816
499445575956578304
544458427263512576
553225809444749313
580882701063979008
499602989133594624
499584606878715905
524947414050816000
553124985900785666
500375190535421953
580882674413375488
553131557892804609
544383022876065792
552814770542628865
524929893759737856
553144384737525762
580330454869512192
500319801344929795
544366036498542592
524934142958788608
544287209730236416
552834961762709505
544511773223968768
552806757672964097
524929796862918656
552842983247466497
544374018661687296
498305825341845504
524938433262006272
553218083410952192
544477048048082945
553545384069328896
553114158989074432
524979070288019456
553585840270876672
525051365195014144
580331000573476865
499692589143298049
553554835203956736
552821223676444672
544517264054423552
500312670260957185
553542565593878528
553118384540643328
525070933556350977
553590835850514433
553190393370923008
553226143307161600
544512398628241408
544351133120987136
524959836778536961
544305745416581120
552833527444566016
580332296336732160
544294692456628224
552823029680852992
581411131547320321
500289088285863936
553230256992423936
499700579527299073
525057606151602176
544360928603799552
552834445301256192
500279519455219712
500384393362698241
524929769469538305
500353815132897280
525036214286815232
544302827330224128
544519788752818176
544268186292867072
499706059691663360
544292146342531072
553580499395174400
524963649455407105
524977669902172160
500284377490665472
524945684966166528
552820842544246784
499649872534831104
552793551231541249
580333906597167104
525067419635576834
552830151650967552
544288135564107776
544520273718812672
553505242554175489
553567850301231106
544387967037763584
553137601457426433
524933657493250048
553128325217275905
524987107081977856
524958173245870080
499531968229683200
552825211654246401
553536887349325825
500363024926900224
544301449845305344
553180071775993857
552787878351474688
580328297462140928
553585530504749057
544305540286148609
524931913426157568
524937594090844160
525016728091500545
553543032642220033
553146691344695297
499430225043009537
544300945820352512
500287815734013952
552835288725061635
524935246647926784
524972277406773248
524965165759221760
552787544837197824
524936872666353664
544278985249550337
553562348376850433
525023610243928064
525030117014507523
553487356733313024
553176929411825664
580352532167311362
544439521236893696
580351604831846400
524922507380670464
552819208212717568
524938857180303360
580336341080260608
552834623944671232
552838710296080384
552980714610634753
553219047048105985
544400853298184194
499448210789007360
580353986991112192
544520121436213248
580332532694122497
552814983797821440
553118438332571648
524936793633083394
580371847335821312
553546063752478722
544308793623207936
580350000074457088
544444261027299328
553590891852886019
498250100079341568
552807598966059008
553200552142983168
552787599031828480
525003468659228672
498463591767756800
524941132237910016
524949073154301952
544282227035869184
544301025079730176
553579914717577216
544366934154678272
500341884678836224
524943615437848576
500278858156085248
553473704060284928
498311895716470784
500363602943942657
553544336475168769
499699006298419200
525044004287971329
580330591826128896
544319450569134081
580336326634962944
580327692765151232
552832169496694786
499671635067437056
500292129802186752
552822076676255744
552807013764575232
580325714567806976
524952437137092608
553234456522522624
524930538009006081
553466230989144064
552818821460148226
544296772592336896
552811438994378754
552804810463117312
553478142791548928
544508666724876288
525036393983381504
544497137221136384
498355319979143168
524966582544781313
524944399890124801
500301519854379008
581249720376553472
544408293192368128
553531695480463360
580319184652890113
498284302128668672
499663992697417728
553477352542707712
544506347438735361
524989654995849216
581063816882065408
544450580367024128
524947424482435073
553582465734832128
552803792618799106
552790371848040449
524956168754843648
525058633730891776
580326222107951104
552839416620658688
544357563534680064
552817785949396992
544329251487756288
544296158206894081
544385086955589632
499697648866045953
553574709669814272
525025806079504385
553534838880608256
544381860214603776
553551148280729602
553475269873643520
500390232756617216
544488899100147713
544379738240720896
500294693356175360
525052332116312064
544448991518130176
553537648938086403
544384255825289216
525040097272819712
552802531672588288
544342204576038912
500280422295937024
524978172110987264
552836444835037184
524947502903345153
544520802339917824
552816497740251136
500349179848560640
581064144394285056
524972166006464512
524960247518330881
500286805720449025
524988027425554432
524923341359300608
525049831312875521
544290611856408576
499504676250066945
524961055211286528
581359544682614784
500375545918803970
552800045096259584
498602841335169024
524966770428243968
544514564407427072
544358533819420672
553181500104269824
580352417541287936
553471987411324929
524988712367955970
553161458931236864
544270745744846848
524950264303075328
524952995034042368
552825473160736768
544464731449196544
544273885437652992
524932574909857792
544361776020586496
553190655011205120
544511558173601792
544514127197388801
552812811651272705
524966565788520448
498430783699554305
500386524416856064
552790878805168129
553490358748061696
524980579956449281
553529101659566080
544331094523662337
552836844560609281
500359223557890048
525061787860103169
498274948772024321
524974779540197376
500231335668383744
544337383215226880
580325090367315968
500289307257868288
544518841020473345
544289409294553088
499698366402789376
544478708741201920
500309193526882306
524925600318754816
525020733622464512
553477554041257985
553543319423553537
553123329561743361
553590880352088064
524981565462704129
553102828743716864
500160181184249856
525022663102963712
553588053348843520
524964929083023360
525030963781595136
553215305917665280
544310222547087361
553531413459660800
544333172180537344
499642704687816706
499511714438971392
544381485591982083
524930400272265216
553487971497041920
581325025569030145
580330740086243328
580320964875014145
552814767417876480
553588993993232384
500282674200604672
524942470472548352
552849157694947328
553505858811080704
544494408515608576
499611719090450432
524957752138149888
544365130138808321
524954661703680000
544364000897945600
553157352091025408
544307417677189121
544521260840267776
544287165912735744
544329393737170944
524950404283772930
553582011324329984
580324027715063808
544293783702364162
499699107615997952
552834640692912128
544380742076088320
544493536771854336
500256984768475136
552818799095730176
524985325190656000
525038517844709376
553573432554979328
552835301547442176
500363126294863876
544309275141885952
544308156625481728
524963878904823808
544415616753745920
524929106987991040
553521417598550016
544510784366080000
580338189904285697
524949243883425793
544280707800264704
499695460358311936
552848426812313600
552838440103198720
544273220128739329
580337320508919808
544285819108741120
544443154964152320
544407157077467136
544348392944463872
544426421331169280
581295422414680065
553188382403477505
552834754056556544
553137946740932608
500366171716067328
544517440332627968
552797828977029120
553573875528007680
499612195756728320
524951696376487936
580326045238333441
581302544116379648
553551225560764416
524975705206304769
544493466836017154
524935216134369281
544271743331078144
552826581916594178
525012912562536448
499615655906533376
552834842837409793
499585144416514048
552984798671945728
544495066258362368
553221293298819074
580326871302316033
498274934553317376
581274406804025344
544379366474403840
553517053110657024
544464695646617600
544301900682629121
524930293921107969
544521166543548416
500315291168276480
553569512269021184
544462438310375425
552841006799159296
553552772277481472
553174247506706432
498300832648273920
553496697918468096
499669445548449793
544434450918932480
500322242296041473
553105493255000065
544373593841623040
524925987239120897
499590048313262080
553590072373968897
580324338865430528
552839167575883776
552807834434699264
498486826269548545
544419788739461121
544354657385316352
553165418639413248
553224764924243969
524943658748219392
524924619812511746
499472596853743618
553104503520890880
544410895602839552
544311814649942016
500361668132892673
553474965278691330
553535829529100288
544499892010635264
500328049058279424
500386978467414016
580882121222434816
553588760060125185
580332312354693120
553560429910568960
553111553235361792
499706705354448897
553561762466115584
544508543152304128
552806932176977920
581479017770979329
544517264725516288
553528740618436610
525053517531062272
552798654495354880
552851305023414272
544444539092488192
500347484154372097
524985092343889920
553587167394791424
544511151900753921
552826150141960192
499381843955707904
544463189447294976
524954623145431041
525006853626159105
524991067675189250
544395712130449408
524935633463037953
524932292406681601
552825753264717824
544514570367168512
524950321064607744
524976486902951936
544309006500888576
553589610014867456
525067386849091584
552849116280393728
500347920210989057
524946921547628545
553544252563935234
544384839906906113
580320329203093504
