498248415223246848
498248648699150336
498250100079341568
498254340310966273
498254929942028288
498255816034893824
498256407980826625
498259432237969408
498259903962570752
498262106937237504
498264107460870144
498265095559184384
498268463639851008
498269289812856832
498272309535191041
498272364560257025
498274493337702401
498274692873351170
498274934553317376
498274948772024321
498277197581664256
498277231253127168
498277678706077696
498279420885360641
498280126254428160
498280730070622209
498283038338711552
498284302128668672
498284334806495233
498284429333524480
498285405142540289
498285529704976385
498286045843435521
498286281894682624
498287166909579264
498292200955195392
498292602861400064
498292628455034882
498293625420148736
498293668655423488
498294248488574976
498294367405477888
498294815579467777
498296205777326080
498298040881782785
498300128088694786
498300832648273920
498301902048997377
498302874531553280
498303288295817217
498305825341845504
498311895716470784
498314939359301632
498316475317239809
498317138554150912
498322865843109888
498325055726559232
498345343629541376
498349598197702656
498355319979143168
498356729634390016
498357910603575296
498430783699554305
498452664527511553
498463591767756800
498463733447163905
498472666802958336
498473263862149120
498473515302260736
498474035668586497
498477676219600896
498480344992350209
498480911243948034
498482619232055296
498483279943962625
498486539585069056
498486826269548545
498489114384420865
498489451954573312
498492003903356928
498494758814109696
498497395198799872
498498431271190528
498499795192143872
498499836900278272
498500813845966848
498504673339666432
498506343368519680
498507434693246977
498507730395484160
498508707244683264
498512372584415232
498515980205948928
498527404386578432
498556324868009984
498575704582148096
498585089828478977
498586725502173184
498602841335169024
498609222020780033
498616975850225664
499345023721537536
499346625760751616
499359735947087872
499360784666071040
499361506132508673
499361662743220224
499361679197884416
499361965035491329
499362348940144640
499362441697193985
499362480179912705
499362949166030848
499366666300846081
499366930457710592
499366977497214976
499368426931228672
499368533378498560
499368931367608320
499369948943495168
499377813758443520
499381843955707904
499383640267423744
499387698390790144
499387993879511041
499388398529175552
499394221984714752
499394946416529409
499397048878501888
499397804620386304
499403422278619136
499404849835175938
499405449951584256
499407248427188224
499408845127819265
499409455814287360
499410965075886080
499411840733282304
499412661176926209
499424290748780546
499427833102745600
499430225043009537
499432557906104320
499435341259223040
499438052688023552
499439571520991232
499439795618480128
499441454498852864
499444325646757888
499445575956578304
499446567229603841
499448210789007360
499456140044824576
499456913902284800
499463629251837952
499472596853743618
499481575059619840
499484255869612034
499494187969298432
499497872564703233
499504676250066945
499507509171060736
499511714438971392
499512318410375168
499519439206092800
499520839860367360
499524024012386304
499525020708634625
499527157023277056
499529014797557760
499530130487017472
499531968229683200
499532858399412224
499541439962185729
499553298668859392
499553513471741954
499560002341044224
499563566786433024
499565555645685760
499568802267672576
499571347375136768
499571799764770816
499574200596983808
499575076468305923
499576743967993856
499579650926858240
499579905508917248
499581469027618816
499583424114728961
499584511710351361
499584606878715905
499584618165567488
499585144416514048
499590048313262080
499590929611640832
499592320900431872
499596695705894912
499598154581303296
499598945417703424
499600140580044800
499601812005998592
499601956491374594
499602989133594624
499605248747786240
499606278910398464
499607500187250689
499610913112989696
499611069565112320
499611719090450432
499612195756728320
499612545909415938
499613731312005121
499615655906533376
499619724222038016
499620598994444288
499621957747224576
499622667142844416
499635302764662784
499638207987089408
499642374428307457
499642704687816706
499647059688173569
499647397278937088
499648409767538688
499648712596271107
499649754822103040
499649872534831104
499651830951841794
499655249398075392
499655869412286464
499657337548701696
499657584836874240
499658267493019651
499659628645720064
499660768908832771
499663992697417728
499665704300191745
499669445548449793
499671635067437056
499673142114013186
499674991294951424
499678305134448641
499679142766735362
499681614549377024
499682060793937921
499683602452717569
499687274326786049
499687644045918210
499689349420568577
499689757652566016
499689919929798657
499690351875981313
499690604302192640
499691429359517696
499691556652449792
499692589143298049
499693137670205440
499693411503726592
499693751720501248
499694783691239424
499695460358311936
499695682476060673
499696137708658688
499696525808001024
499696733979688961
499696948296028160
499697037156171776
499697498072420352
499697648866045953
499697652385464320
499697729225105408
499697887434248192
499698357397237762
499698366402789376
499698817567293440
499698828845780993
499699006298419200
499699107615997952
499699366660423680
499699479688544257
499699779426066432
499699803576881152
499699989237747712
499700083265269763
499700279412281345
499700579527299073
499700824432717824
499700838127120386
499701423135678464
499702384424022016
499702462865874944
499703127193305088
499704667195322368
499705041238765568
499705246642622465
499705269434085376
499705599454883840
499706059691663360
499706065769201666
499706350759206912
499706705354448897
500070108099002368
500070699768496128
500071770192216065
500072098178813954
500072155166814209
500072334578159616
500073002101665792
500074069354905600
500160181184249856
500175929902395392
500180625312083968
500192488003354624
500224586064343040
500231335668383744
500231484725161984
500234112054341632
500234390723915776
500235112785924096
500237448798949376
500239577387659265
500240534481666049
500242061279637504
500246996163129344
500247666924986369
500251242124173312
500251535943942145
500252508884070400
500254607470518272
500255282757632000
500256984768475136
500257166478282752
500258409988763649
500260514807947264
500261600579043328
500263680026869760
500266427840864256
500266977814790144
500269950876286976
500270284117925888
500270780832174080
500271532279877632
500272399867068416
500273257262886912
500274132756738048
500274697485824000
500275854434639872
500277311652913152
500277477986828288
500277526590423041
500277563072475136
500277625773121536
500277808883830784
500277854341697536
500277940253634561
500278045597368320
500278169828470784
500278365031370752
500278485001457664
500278858156085248
500278944881725440
500278978557804544
500279189405433858
500279519455219712
500279571988877312
500280249629036544
500280422295937024
500280477920796672
500280658665537537
500280809652514816
500280838710247424
500280847912955904
500281094239817728
500281131057811456
500281856559161344
500282606316158976
500282674200604672
500283291493494784
500283314230419456
500283831803326464
500284377490665472
500284494201757696
500284699546517505
500284699760427009
500284871541940225
500285919539511296
500285938824908801
500286058664579072
500286059918274561
500286293688193024
500286805720449025
500286865963245568
500286984162525184
500287224957898752
500287313256402945
500287479015292928
500287491182579712
500287538578587648
500287595403022336
500287815734013952
500287857727377408
500288263320768512
500288349924782080
500288581081260032
500288971197263873
500289088285863936
500289154581008384
500289307257868288
500290456845299714
500290464621559808
500290867681587200
500290977798836225
500291116403789824
500292129802186752
500292202845982720
500292684192686080
500292806175236096
500292917957648384
500293392060780546
500293511632388097
500293830827331584
500293872162205697
500294349872062464
500294693356175360
500294803402137600
500295333486657536
500295393301647360
500296080710705152
500296158476906496
500296692713783298
500297243371798528
500297358908071936
500298091627823104
500298315368390657
500298588992593920
500298752469770240
500298847550472194
500298981558063107
500299227969646592
500299904817049600
500300813835988992
500301418406744064
500301519854379008
500302115458523136
500302577557573632
500303238810574849
500303431928922113
500305514447003649
500306548841660416
500306837103968257
500307001629745152
500308076004929537
500308574703452160
500308705083400193
500308708988301312
500309193526882306
500309222635360256
500309381930844160
500309745350508545
500310127896199168
500311883669585920
500312651797233665
500312670260957185
500314788610985984
500315237375954944
500315291168276480
500315532382707712
500316005089181697
500318003024494596
500318980007948288
500319233558192128
500319675797209088
500319801344929795
500320235841265665
500320316602974210
500320616428601344
500320680810795009
500321184269881345
500322242296041473
500322373359661056
500322486362202112
500324234821124096
500325111497777152
500325220193153024
500326267640905728
500326873407455233
500327106824245249
500327120770301952
500327581514993665
500328049058279424
500328451929559041
500328583194509315
500328758201815041
500331134040162304
500331472277225472
500332042648055808
500332933098385408
500335355904540674
500335761615355906
500335927248429056
500336040440516608
500336373833170945
500339209715335169
500339512082698240
500339591392817152
500341884678836224
500343812863311872
500344846612447233
500347114975944705
500347484154372097
500347920210989057
500347948635791360
500349179848560640
500350150695743489
500350777844457473
500351760402493440
500352655827279874
500353815132897280
500354471525109760
500354773133299713
500354853680340993
500355828227252225
500356642329071616
500357314722156544
500357713260724224
500358061698347008
500358195408551936
500358258654470146
500358526804316160
500358655834062848
500358907383275520
500358977046474754
500359075045990401
500359117132017665
500359125310922753
500359223557890048
500359312447787009
500359323588239360
500359356589019136
500359377585704961
500359508531884033
500359983301939200
500360018928353280
500360094924931073
500360095738626049
500360244187635712
500360248767840256
500360558806568960
500360596995731456
500360978387976192
500361302238564352
500361668132892673
500361847070269441
500362377062547457
500363024926900224
500363097698086912
500363126294863876
500363141034020865
500363602943942657
500363740311982081
500363831957135360
500364250461003777
500364290545958912
500364921607974913
500366171716067328
500366207552196608
500366333461422080
500367267901632512
500367591773179904
500368579875704832
500368901365317633
500369097360953345
500369391339724802
500369479482630145
500370188970524672
500370960093302784
500371149713178625
500371231183745025
500372391407931392
500374427448516609
500375190535421953
500375440285237248
500375545918803970
500375737439096833
500375839498723328
500376174095511552
500377145349521411
500377906305327104
500378223977721856
500378338582884352
500378522398244865
500378522788315137
500378874656854016
500379055594946561
500379259698176000
500380881563811840
500381163866062848
500382265076379649
500382270340214784
500382437655207936
500382853147164672
500383514567925760
500383956362334208
500384393362698241
500384777514799104
500385868041842688
500385877684539393
500386524416856064
500386978467414016
500388199064420352
500388477763325952
500388703114895360
500389488217309184
500390232756617216
500391222075076610
500393152444772352
500393439482368000
500394005419409408
500394061887709184
500395288335360001
500396175753633792
500396366829735936
500397785246466048
500398504075071488
500398901028196354
500400102125879296
500402908740210688
500403838877462528
500404132394459136
500405877460193280
500406581855801345
500408184562257920
500408607561629698
500411513727750148
500413489882484736
500413818368184321
500413956230365185
500417151346696192
500420356621213696
500420906670256128
500421926079066112
500422971320963072
500426437392732161
500426667446513666
500427786159681536
500431179925823489
524922078638903296
524922499466022913
524922507380670464
524922729485848576
524923148576518144
524923293711998976
524923341359300608
524923462398513152
524923480173981696
524923610851729408
524923676484177920
524923678472286209
524924034124107776
524924225463668738
524924346411020288
524924619812511746
524924954287296512
524925033626738688
524925050739490816
524925124303396864
524925215235911680
524925553489760256
524925600318754816
524925730053181440
524925987239120897
524926184069808129
524926235030589440
524926279309860864
524926301678096384
524926445496197120
524926472432410625
524926643325132800
524926698165633024
524927281048080385
524927288077746176
524927356830760961
524927695633666049
524927789892653056
524928119955013632
524928297986433024
524928863714168832
524928878075457536
524929106987991040
524929497205055488
524929550493712384
524929559909916672
524929769469538305
524929796862918656
524929893759737856
524930293921107969
524930400272265216
524930499790131200
524930538009006081
524930575472136192
524930671220105216
524930851747164160
524931019745812480
524931083797004288
524931110279852032
524931324763992064
524931752725585921
524931830173421568
524931913426157568
524932056560963584
524932292406681601
524932327907270656
524932574909857792
524932635177795585
524932792925569024
524932935137628160
524933380929245184
524933399828369409
524933600433938432
524933657493250048
524934004152082432
524934142958788608
524934300459077632
524934381828603904
524934507892580352
524934648473079808
524934673760530432
524934827909210112
524934941914968064
524935023380545537
524935085863481344
524935216134369281
524935246647926784
524935345998422016
524935485370929152
524935586025861121
524935633463037953
524935731148775424
524935758143324160
524935769614331904
524935791794221057
524935816603107328
524935906596499456
524935943925796866
524936137589411840
524936365427806208
524936592159698944
524936793633083394
524936872666353664
524936966492942336
524937204552843268
524937330923417600
524937421180653568
524937542131793920
524937560276344832
524937574281121793
524937594090844160
524937597206790144
524937675115999232
524937968138878976
524938107142283264
524938162900967424
524938282732642305
524938433262006272
524938857180303360
524939327399559170
524939347699585025
524939378552864768
524939818347028480
524939821815721984
524940014065811456
524940030109036544
524940077978640384
524940659778920448
524940716733370374
524940940721418240
524941041301225472
524941119403335681
524941124893700096
524941132237910016
524941318389501953
524941504796962816
524941529928839168
524941720249978880
524941727753568257
524942149973188608
524942353355005952
524942470472548352
524942548066791424
524942946765131776
524943012602716160
524943063937208320
524943114885427203
524943132409212928
524943226948820992
524943504192311296
524943615437848576
524943658748219392
524943721302089728
524943812339437569
524943886553468929
524944006577668096
524944399890124801
524944544681705472
524944569528750080
524944610985263104
524944637489086464
524944788525973505
524944881941495809
524945095322513408
524945170777645059
524945197705461763
524945665827545089
524945676443340800
524945684966166528
524945814796644352
524945879455653889
524946179390701568
524946336190586880
524946461621235712
524946609453678593
524946753154727936
524946808271671297
524946921547628545
524947030616313856
524947071770435585
524947149134774272
524947196131966976
524947414050816000
524947416869388288
524947424482435073
524947475858472960
524947502903345153
524947674164760577
524947716393414656
524947744809418752
524947867975561216
524947870735429632
524947964620701696
524947971679744000
524948206023880704
524948264148160513
524948264886759424
524948268355051520
524948554344054785
524948703850029056
524948710812581888
524948790227517440
524948866773184512
524948941956448257
524949021744713728
524949026064850944
524949069945634816
524949073154301952
524949136173694976
524949243883425793
524949306101743616
524949339131904000
524949435886096385
524949439367380993
524949443607412737
524949526487265280
524949628689461249
524949733983657984
524949828711620608
524949837729787905
524949884143927296
524949887591653376
524949897221795840
524950159160250368
524950264303075328
524950321064607744
524950339074523137
524950395110842369
524950404283772930
524950455743291392
524950507023245313
524950584349454337
524950679274942464
524950887119482882
524950899899113473
524951314556796929
524951419175309312
524951585231994880
524951625556066304
524951696376487936
524951711941922818
524951893467234304
524951948337098752
524952005157347328
524952154482946048
524952322703900672
524952341561491459
524952437137092608
524952808110694400
524952883343925249
524952995034042368
524953017389707264
524953077456318464
524953110285152256
524953391634866176
524953569762766848
524953604717686784
524953840127574016
524953918166794240
524954028287877121
524954105471840256
524954262657581057
524954313337364480
524954586696933377
524954623145431041
524954630279925760
524954661703680000
524954833648771072
524955062486196224
524955102554361856
524955159840182272
524955170200121344
524955304199352320
524955385480753153
524955557686284288
524955620538343426
524955850591334403
524955871689052160
524956129017995264
524956168754843648
524956294395224064
524956372199555072
524956383318650880
524956648151191553
524957429889777665
524957517294886912
524957554829717504
524957647653863424
524957752138149888
524957773810135040
524957925157384192
524957974226550784
524958128392376320
524958173245870080
524958227768020992
524958238316298240
524958383468978176
524958384060366849
524958409381384192
524958516822671360
524958599433691136
524958743000125440
524959027516932096
524959332656349187
524959390332239872
524959630158725120
524959778125385728
524959809402331137
524959836778536961
524960245509287936
524960247518330881
524960277348233216
524960814944747520
524961016904294400
524961055211286528
524961070465945600
524961362448240642
524961408740380672
524961561677680640
524961589406216192
524961659685588995
524961721744900097
524961908903149568
524962072262881280
524962142563610625
524962199543230464
524962748237889536
524963649455407105
524963878904823808
524964223185850368
524964279456653312
524964457936863232
524964564018790400
524964630221705216
524964929083023360
524964948683005952
524964989975937024
524965077318107137
524965165759221760
524965242213007360
524965406377664512
524965723672961024
524965775036387329
524965786059026432
524966392702189569
524966565788520448
524966572277129216
524966582544781313
524966596897685504
524966770428243968
524966904885428226
524966946467749888
524967231902318592
524967298604359684
524967376719466496
524967510563889152
524967620588896256
524967631171117056
524967711492014080
524967727266398209
524967811081195520
524968205690089472
524968330172850177
524968337747767298
524968466559033345
524969137660231680
524969144832491520
524969201102901248
524969483317026816
524969501704855552
524969679790817280
524969878823137280
524969963850051584
524970097711267841
524970444156571648
524970488590651395
524970731202166784
524970851675176960
524970966842376192
524971124845985792
524971165056782337
524971258996588544
524971492820647936
524972166006464512
524972277406773248
524972443308683264
524973223356940288
524973444946202624
524973811092193280
524973920722878464
524974106308251648
524974318087061504
524974456851410944
524974566830247936
524974779540197376
524974786460778497
524974885362479104
524974975623892992
524975031059632128
524975093966209025
524975142641086465
524975552638504960
524975642379816960
524975705206304769
524975847846203393
524976486902951936
524976526891417600
524976773671292928
524976929703997441
524976963862429697
524976980799000578
524977321430630400
524977651476623360
524977669902172160
524977812852461568
524977992683237376
524978172110987264
524978196589334529
524978526974668800
524978855531253760
524978912145985536
524979070288019456
524979133366165504
524979179235069952
524979548195024898
524979668282519552
524979702940045313
524979946218061824
524980219749597185
524980504324358144
524980579956449281
524980744658382848
524981223291383809
524981427260366848
524981436252950528
524981463033581568
524981513637888000
524981557770350592
524981565462704129
524981689781870593
524981890567385088
524981945131102211
524982066564567040
524982531075371008
524982608716120065
524982699220803586
524982954880413696
524983050187579393
524983146266505216
524983236712476672
524983325275197440
524983366261936130
524983395026497536
524983403775799297
524983581983375360
524983599851130880
524983828000276480
524984773211860994
524985092343889920
524985325190656000
524985687704338432
524986649315667968
524986820850106370
524987107081977856
524987150413336576
524987184836005889
524987432656453632
524987851046658048
524987990524047361
524988027425554432
524988712367955970
524989654995849216
524990163446140928
524990180034609152
524990519777443840
524991067675189250
524991119164473344
524991576163250176
524991832451981312
524991844292521984
524993009440403456
524993166651318273
524993523746373633
524993533212897281
524994218964815873
524994747883323392
524994965366382593
524995771587108864
524995942995746819
524996383120818176
524996756220956672
524997030536830976
524998110268096513
524998881676107776
524998906799988736
524999488067633152
525001895631654912
525002243100401664
525002842021445632
525003253185277952
525003468659228672
525005886272843776
525006356731166720
525006847095615489
525006853626159105
525007169956347904
525007664544493569
525008463819464704
525008613392515073
525009850104037376
525010084003213312
525010245811466240
525011494896148480
525011747007377408
525012247249428482
525012689568161792
525012912562536448
525013278343581696
525016728091500545
525016983646244865
525017500061536258
525018288330272768
525018799347875841
525019265888702464
525019469983531008
525019752507658240
525019992337551360
525020326816927744
525020620636307456
525020733622464512
525021050627973120
525021083892994049
525021103559696384
525021132022628353
525021358879936512
525021697003782145
525022663102963712
525022700923019264
525023025792835585
525023057526947840
525023610243928064
525023642007371776
525023858831523841
525023912221212672
525024066152169473
525024181218725888
525024518713397249
525025279803424768
525025329916948481
525025463648137216
525025552634494976
525025695425380352
525025806079504385
525026031833718785
525026219100995584
525026592788348929
525026715123601408
525026947307700225
525027116287811584
525027317551079424
525027539845410816
525027651908800512
525027873867198465
525027958835408896
525028171549523971
525028522361114625
525028734991343617
525029016001318913
525029232691650561
525029433632366592
525029913230053377
525029954908860417
525030117014507523
525030165190303744
525030416261337089
525030696738652160
525030963781595136
525031558949134336
525031610136014848
525032520124207104
525032872647065600
525033278555033601
525033357722550272
525033443076628480
525033625788907520
525033697045925888
525033778637721600
525034457086959616
525034687245582337
525035552643751936
525035564014526464
525035832336736257
525036180379676673
525036214286815232
525036240848945152
525036393983381504
525036457732231169
525037540508594176
525037656820826112
525038096086499328
525038517844709376
525039002307424256
525039242771464193
525039686931075072
525039876366798849
525040097272819712
525040408653754368
525040492388823041
525040545870385153
525040767317082113
525041091507388416
525042177643016192
525044004287971329
525044262648676353
525044678765187072
525044725926330368
525045145079533568
525045203648790528
525045709402148864
525046432085327872
525046443103354880
525046462460477440
525047079325155329
525047104239333377
525047349757100034
525047767325220865
525048557569454080
525048987649576960
525049044201377793
525049639016615937
525049831312875521
525050193360613376
525050632211021825
525051210349289472
525051365195014144
525052223030845440
525052332116312064
525052526593601537
525053517531062272
525055052801515521
525055879545380864
525055967076290560
525056022046851074
525056576038518785
525057025785356288
525057374965739520
525057606151602176
525058578365698048
525058633730891776
525058825909731328
525058976376193024
525059348574130176
525059810312847360
525060425184858112
525061787860103169
525062013551001600
525062993898635264
525065123917221888
525065430713790465
525066876058361856
525067386849091584
525067419635576834
525067500447612929
525068915068923904
525069189447704576
525069912679923712
525070811439579138
525070933556350977
525071376084791297
525071638464049152
525072912957452289
552783238415265792
552783667052167168
552783745565347840
552784168849907712
552784526955806720
552784600502915072
552784882687299584
552784898743099392
552785367972450304
552785375161499649
552785443813457921
552785551930454016
552785695845396480
552786016906383360
552786099899494400
552786116404072448
552786299875520512
552786340958715904
552786361758265344
552786818853113857
552787144373460992
552787231468191744
552787321561812992
552787361437057024
552787544837197824
552787599031828480
552787878351474688
552787914271510529
552788396733906944
552788886355996672
552788945017516032
552788947219533824
552789127792717826
552789521646247936
552790074166108160
552790371848040449
552790742700417024
552790824971677696
552790838015979520
552790875492073472
552790878805168129
552791034447794176
552791065645027328
552791115599192064
552791159232540673
552791182670327808
552791196247269378
552791203432103937
552791332935434242
552791578893619200
552791678881660928
552792131447037952
552792193992519680
552792271243210754
552792544132997121
552792802309181440
552792913910833152
552792988376915969
552793539856588801
552793551231541249
552793552376569857
552793679082311680
552794157484634112
552794942759010304
552795050502270976
552795566242279424
552795585095671808
552795693682032640
552795773180858368
552796091255894016
552796269069209600
552796506642591744
552796522904297472
552796863297236992
552797406094716929
552797638807281664
552797729504886784
552797828977029120
552798310889566209
552798654495354880
552798891994009601
552799062421164032
552799317602615297
552799591255384065
552799640488517632
552799669521481728
552800045096259584
552801028262096896
552801115516186625
552801438821515264
552801829290270720
552801880812691456
552801894092275712
552801954733490176
552801958428700672
552801979861598208
552802117908697088
552802128688078848
552802531672588288
552802606696136705
552802654641225728
552802714816905216
552803431702749184
552803757864787968
552803792618799106
552803839490150400
552804175310901248
552804394727927808
552804408233193473
552804491821854720
552804763461775360
552804784819154944
552804810463117312
552804839886184448
552804962158514176
552805050620604418
552805069956329472
552805175874686977
552805267990413312
552805450350362625
552805488631758849
552805596198871040
552805619301097472
552805735885991936
552805799106732032
552805853762699264
552805956619628544
552806056154644480
552806077755326464
552806117328568321
552806309540528128
552806610490646528
552806757672964097
552806932176977920
552806937470201856
552807013764575232
552807027781947393
552807101442322432
552807191775043585
552807210041212928
552807236339507200
552807528070131712
552807536894947329
552807598966059008
552807658869493760
552807783385800705
552807832257835008
552807834434699264
552807904597008385
552808071387701248
552808135006887937
552808282398924800
552808487924011008
552808620187217920
552808658510561280
552808701065953280
552808776492130304
552808904137408512
552809042687819776
552809336360419329
552809418417790976
552810124776308736
552810138114195456
552810166744547328
552810249263259649
552810448324943872
552810477940932609
552810625873633280
552810804186460161
552810855503757313
552811319079227393
552811386259386370
552811408094945280
552811438994378754
552811735183552512
552811772038881280
552812140479148032
552812572731527168
552812623658762240
552812682626465792
552812811651272705
552812847651377153
552812984343330816
552813160110252032
552813420136128513
552813461953323008
552813494345940992
552813549291315200
552813590919778304
552813988644659200
552814213081866240
552814216550563840
552814317096407040
552814460193476609
552814494381256704
552814766369284097
552814767417876480
552814770542628865
552814845016694786
552814916567322624
552814978823385088
552814983797821440
552815017402589184
552815182708494336
552815274848964608
552815293349650433
552815387759616000
552815540721291265
552815575672836096
552815712432316417
552816020403269632
552816062593761280
552816302780579840
552816497740251136
552816539175763969
552816561514635264
552816590463315968
552816600995614721
552816686752358401
552816689386373121
552816883012239360
552816932643405824
552817101057318913
552817151112142848
552817205982019584
552817293969739778
552817345887207425
552817490263572480
552817675408523264
552817711617552385
552817759684665345
552817769604198400
552817783910961152
552817785949396992
552817965813739520
552818799095730176
552818821460148226
552819064301961216
552819155859431424
552819208212717568
552819350504493057
552819983915700224
552820384039706624
552820533507944448
552820736490889216
552820842544246784
552821069036670976
552821223676444672
552821287933202435
552821475066281984
552821570423771136
552821659103940608
552821810224304128
552821862850637825
552821977061556225
552822043490938881
552822076676255744
552822314157768704
552822434639126528
552822450824962048
552822544341139458
552822604206460928
552822696195932161
552822696200142850
552822739388882944
552822783311630336
552822812281692160
552822873773993984
552822944603582464
552823014866563072
552823029680852992
552823108537954306
552823301899575296
552823933381394432
552823940440403968
552823949311369216
552824126659104771
552824383816073216
552824456557887488
552824462958395392
552824742097719296
552824769754976257
552825083941879808
552825211654246401
552825473160736768
552825664307744769
552825753264717824
552825844755083265
552826150141960192
552826238407294977
552826581916594178
552826724774592512
552826992509599744
552827008800280576
552827123963281408
552827164677373952
552827349667176448
552827553493565441
552827606715076608
552827981069291520
552828280806850561
552828400843620353
552828474814398464
552828573896413185
552828658747187201
552829046485434368
552829096816693248
552829176018112513
552829306439598080
552829386773516290
552829481962835969
552829580579323904
552829637215408128
552829971631472640
552830151650967552
552830433688571904
552830599002857472
552830668607348736
552830684021424128
552830850279424001
552830864187727876
552830966411321344
552831101312303104
552831230735962113
552831506041683970
552831515940634624
552831624283693056
552831705351225344
552831881847533568
552831974784905216
552831978522021890
552832019940376576
552832142397296641
552832169496694786
552832232197746688
552832584045330432
552832721945628672
552832784046108672
552832817089236992
552833028201144320
552833148128862208
552833236389199874
552833268362772481
552833393734721537
552833483325059072
552833527444566016
552833658017824768
552833681111658496
552833795142209536
552833941930274816
552834229722038273
552834411553886209
552834445301256192
552834461478715392
552834558706847745
552834623944671232
552834640692912128
552834732325879809
552834754056556544
552834808121163776
552834842837409793
552834961762709505
552834996265054208
552835288725061635
552835301547442176
552835988540895232
552836167029514240
552836444835037184
552836586191474689
552836695754678273
552836775191019520
552836829234614272
552836844560609281
552836968410021888
552836975741632514
552837078854410241
552837086425128961
552837132491186179
552837147305455616
552837484221300736
552837610897694720
552837644959621120
552838074636718080
552838171323817984
552838324977545216
552838440103198720
552838551071911936
552838559393013760
552838568717344769
552838710296080384
552839167575883776
552839270395035649
552839385209917440
552839416620658688
552839800433410049
552839843999645697
552839972911611904
552840037642297345
552840067199533057
552840740007866368
552840805678084096
552841006799159296
552841043423805440
552841049467400192
552841157785694208
552841460681572352
552841477819473920
552841562963464195
552841684485414914
552842580929826816
552842642216988672
552842762505428992
552842837516386304
552842983247466497
552843136238899200
552843285468020736
552843349246619648
552844104418091008
552844167681159169
552844593046097920
552845028130037760
552845136414380032
552845191003250688
552845250268766209
552845255796461569
552845393541988352
552845542536261634
552845671477153793
552845711289909248
552845840247971842
552846337746952194
552846353416867841
552846544320618496
552846625467817984
552846811359350788
552846886626164736
552846893588709376
552846938677059586
552847218403581953
552847427410341890
552847627319259137
552847905498103808
552848426812313600
552848620375261184
552848653980033025
552848701312737280
552848704819183616
552849116280393728
552849157694947328
552849316021551105
552849515271958528
552849662991151104
552849797892542464
552850022271033344
552850379453366272
552850514132873217
552850533523136513
552850725467082752
552851305023414272
552851421155299328
552851629624803328
552851679905734657
552851838928953344
552851847581413377
552978099357237248
552978184413921281
552978225010184193
552978225094078464
552978376424964097
552978385572732928
552978476605923328
552978586559188992
552979275776032768
552979279039197186
552979420227842048
552980261512949760
552980288394231809
552980557836337152
552980714610634753
552980760500916225
552981296839131136
552981833189969921
552982124274647042
552982263907241984
552982443511144448
552982560146726912
552982613288157184
552982669840355329
552982813671043072
552983615747796994
552983966932688897
552984231748829184
552984347754897409
552984502063337472
552984511051751425
552984798671945728
552984916070531072
552985611070881792
552985855854661633
552985912901001218
552985973445783552
552986187364065281
552991544731774976
552993818816299008
552996335319007233
553017543330648064
553096753898323968
553096978788515840
553097004138913792
553098571323437056
553098796108750848
553098799380717568
553099479381848064
553099685888790528
553099800951136256
553100203239428097
553100922268942336
553101388926840832
553101451271352320
553101858013581313
553102828743716864
553102901619748864
553103334626701312
553103772852191233
553104503520890880
553104539898089472
553105121526427649
553105208008773632
553105460887572480
553105493255000065
553106714682462209
553106869615472640
553107921081749504
553108153915944961
553108242856177664
553108804934856704
553109813807575040
553110339236409346
553111157738057728
553111553235361792
553111820786204672
553113509152952321
553113536625664000
553114158989074432
553114307383541761
553115168084074497
553115176057065473
553115236992290816
553115341338198016
553115926531674112
553116915325870083
553117857609809920
553118198741356544
553118212813246464
553118384540643328
553118438332571648
553119235904643072
553120849231089664
553121732387946496
553122276913471488
553122359398260736
553123329561743361
553124268196642816
553124985137815552
553124985900785666
553126044375732224
553126072905383936
553126492579053568
553126953268834304
553127086706397185
553127274829328385
553127508150071297
553128245420257280
553128325217275905
553129378969047043
553129559173115904
553129811850559488
553130148107943937
553130475032563712
553131557892804609
553131791553667072
553133048611753984
553133340795363328
553133704881917952
553134790925619201
553135106609922049
553136565296582657
553136604882014208
553136845589319680
553136990787342336
553137476135432194
553137601457426433
553137713163943936
553137849663361024
553137946740932608
553138330557108224
553139203320860672
553139573019406336
553139825008599041
553140194606469121
553140613051215873
553141087725170688
553141732452626432
553141935482093568
553143017922912256
553143519536500738
553143905039159297
553143987377561600
553144384737525762
553144428584398850
553144712920834048
553144964168036352
553145034720030720
553145137086607360
553145236268916736
553145422097969152
553145603665186816
553145690424344576
553145736045801472
553145755079569408
553146494271094784
553146691344695297
553147120942084096
553147341470203906
553147368913506304
553148984509100032
553149163181838336
553149347777753088
553151132949053440
553151201253294080
553151328009351169
553151506556653568
553151670796820480
553151700950065152
553151804046082048
553151980928262144
553152215050125313
553152395371630592
553152448077258753
553153190859141120
553155988917075968
553156573607251968
553156988356820992
553157114156560385
553157352091025408
553157600225677312
553157744061325312
553157857215262721
553159290987364352
553159773555023872
553160652567498752
553160909208559616
553161401733496832
553161458931236864
553161476928978944
553162401940770816
553162459885096962
553162589744926720
553163190138580992
553163210715844608
553163862707818496
553164303650799616
553164381673259008
553164985460068352
553165231275663361
553165418639413248
553165824979386368
553166766977740801
553167429665587200
553167814941761538
553168792017457154
553169114102247424
553169307824177152
553169577228926976
553169622762262529
553170912129056770
553171877464920064
553171989385728000
553172148085620738
553172769819852800
553172900270727169
553173371043995648
553174247506706432
553174353735872512
553174536028303360
553174639158231041
553174713061892097
553174789561389056
553175336926449664
553175550231986177
553175714128990208
553176753297162240
553176929411825664
553176976698376192
553177082566836225
553177099843149824
553177321218514944
553177822312013825
553177833686589440
553180071775993857
553180236591169536
553180503969644544
553181500104269824
553181902543126529
553181997041217537
553183067670843392
553184482241814530
553184643055644674
553184958958022657
553185062829948928
553185370108878849
553185716218650624
553185825065009153
553185854165114882
553186026811039745
553186515359379457
553186555150749696
553187649943384064
553187683510812672
553188115033387008
553188214522249217
553188382403477505
553188974811185152
553189526177579008
553189840913989633
553190393370923008
553190655011205120
553190729447919616
553192366098898945
553192641328734208
553193210269298688
553193480319942656
553193866057506817
553194557316542465
553195808930410496
553195827397926912
553195852643442688
553196453938855937
553196571194851328
553196953480495105
553197863971610624
553198107278987264
553198268436344832
553198972287082497
553199320053592067
553199664720543744
553200085132009475
553200552142983168
553200573387124736
553200769671761920
553201539737976833
553201549997277185
553202028575731713
553203041705664513
553205115830951936
553205427253829632
553205691742425088
553206304396038145
553207267685060608
553207514222063618
553209341520535552
553209983845023745
553210080829906945
553210869010935808
553211397782654976
553212962044149761
553213740137467907
553214597055135744
553214726629781505
553214939838836736
553215305917665280
553215313807163392
553215362058440704
553215383256432640
553215658784456705
553215879979085829
553216451780554752
553216460164968449
553216909022605312
553218001181605889
553218083410952192
553218279557582849
553218281705066496
553218599390040065
553219047048105985
553219195056693249
553219651594125312
553219770053443585
553220369721483266
553221293298819074
553221600955621376
553222048924049408
553222727700865025
553223681409703937
553223992300285952
553224082213601280
553224215676354560
553224764924243969
553225359928213505
553225809444749313
553225828625297408
553226143307161600
553227220765130752
553227238829981698
553227288859664384
553227389061582848
553228535511650305
553228537084116993
553229626756329472
553229808260632578
553229956830875650
553230256992423936
553230614712033283
553231516290269184
553231667523883009
553232531827740672
553233728030650368
553234456522522624
553234578086055937
553235360722214912
553461741917863936
553465105028222976
553466230989144064
553466755411369985
553467311261503488
553468492700454912
553468593141469184
553469263650906112
553469523945590784
553469733656203264
553470140042735616
553470382129565696
553470492565602305
553470733180223489
553470907629707266
553470977972375553
553471193110421504
553471987411324929
553472225798795264
553472437644320769
553472488462901248
553473369539366912
553473416905629696
553473629854646272
553473704060284928
553474012446478336
553474188259102720
553474232596701184
553474514496278528
553474965278691330
553475269873643520
553475430897156096
553475729187680258
553475824369012736
553476073703620609
553476471470432256
553476490315431937
553476600985948160
553476880339599360
553477352542707712
553477554041257985
553477692591726592
553477943616634880
553478014785187840
553478142791548928
553478289474740224
553478677359775744
553479222434729984
553480082996879360
553480292498153472
553480333954678784
553480702067736578
553481076916883456
553483415954411520
553484365012148225
553484530804613120
553484760233017344
553484780093050880
553485452943302656
553485654030446592
553486439129038848
553486529231089664
553486796534054912
553487356733313024
553487544508493825
553487579077550082
553487625815064576
553487971497041920
553488054640340992
553488824656203776
553488850363101184
553489393202499584
553489837542899712
553490160344502273
553490238979727360
553490358748061696
553491540535156736
553491604917334016
553492417023057920
553493222052605952
553493510306152448
553493707472011264
553493785523400704
553495137314435072
553495922639122432
553496489641902080
553496697918468096
553499806883381249
553500238246608896
553501357156876290
553501773517033472
553502180666531840
553502311872733184
553502446769942528
553503184174710784
553503546382249984
553503846258196480
553503909692841984
553505242554175489
553505371290357761
553505858811080704
553506608203169792
553506946054369280
553506985413713920
553508098825261056
553509146730176513
553512735192141826
553513403512532992
553514329166061568
553514505633017856
553515054503821312
553515399438811136
553515827073261568
553516197283893248
553516364879904768
553517053110657024
553517713147301888
553518024272379905
553518053838061568
553518472798683136
553519375521951744
553521417598550016
553521697350234112
553523303453696001
553524086417424384
553525290908262400
553526283033133056
553526776878469121
553528503573184514
553528740618436610
553528788383191040
553529101659566080
553529196216344576
553529334892609536
553529789794250753
553529796601585664
553529935789559808
553529941938425857
553530524183326720
553530558614351873
553530667821457408
553531130163773440
553531316797718528
553531343834202112
553531413459660800
553531695480463360
553531781690163201
553531783992868864
553531802347122689
553531971457265664
553532452472238080
553532980871053312
553532980896231424
553533193899368448
553533499643547648
553534707108155392
553534768537939968
553534838880608256
553534934447824896
553535221828964352
553535227214438400
553535430788780032
553535441828605953
553535467065712640
553535468290453504
553535642848989184
553535765997969408
553535829017370625
553535829529100288
553535862911541248
553535971959275520
553536236493615104
553536269972942849
553536358950916096
553536397731442688
553536603998945280
553536887349325825
553537235463979008
553537322218553344
553537380209401856
553537537126694912
553537648938086403
553537740588220416
553537870431268864
553537939041701888
553538058440941568
553538483474534400
553538523266318336
553538939454509056
553539631149756416
553539778088816641
553540131756732416
553540381187780609
553540580912156672
553540617540624385
553540719714271233
553540739058376704
553540872986705920
553540934118694912
553541676229472256
553541776854634496
553541834975498240
553541988490825728
553542208214036480
553542235661553665
553542337553764352
553542442373619712
553542565593878528
553542628097019904
553542784800792577
553543032642220033
553543319423553537
553543369604210689
553544039241224194
553544252563935234
553544336475168769
553544419602104320
553544694765215745
553545384069328896
553545782050045952
553545857304629248
553545906155712512
553546029212389376
553546063752478722
553546292748898304
553546551709409280
553546679161745408
553546967281061888
553547270264979456
553547637832843264
553547659404148736
553547836517007360
553548567420628992
553549680538578944
553549686129561600
553550301886955520
553550448154910720
553551148280729602
553551225560764416
553551279620755458
553551286793416704
553551435762503681
553551598954491904
553551934251343872
553552293371871233
553552772277481472
553552825431883776
553553173743677440
553553202197827584
553553244845522945
553553288625672192
553553331671408641
553553724548059137
553553813542797312
553553966970044416
553554032745525249
553554351633858560
553554585634496512
553554835203956736
553555156391186432
553555293645590528
553555389611274240
553555593034596352
553555600911925249
553555705945288704
553555848794877952
553555979238129664
553556060569862145
553556643456507904
553556728651210753
553556844665659392
553556984273072128
553557308937363458
553557753558757376
553558108866637824
553558126147149825
553558131369062400
553558385048944640
553558513210105856
553558982476828674
553559793940447234
553559880599359488
553560219981459457
553560429910568960
553561169923829760
553561170637238272
553561452318322688
553561762466115584
553562348376850433
553562446456422402
553563668169125889
553563780928770048
553563889104093184
553566026030272512
553566829273423872
553566877956734976
553567184002502656
553567716414484481
553567850301231106
553569333150896129
553569512269021184
553570203678683136
553570370192949248
553570818031374336
553570914143854592
553571432475951105
553572111441465344
553572740125712385
553572754746638337
553573365798416385
553573432554979328
553573875528007680
553574345235103746
553574501964079104
553574650450825216
553574709669814272
553575232867672064
553575450329378816
553575803733426176
553575984054951936
553576010898497536
553576648973377537
553576849943826432
553578029751226369
553578243173781505
553579224402235393
553579715014172673
553579914717577216
553580499395174400
553580959661309952
553581227165642752
553581669710831617
553582011324329984
553582049282768897
553582301003931648
553582465734832128
553583035820802048
553583670343524352
553583809602801665
553583847850663936
553584292090359808
553584366803488770
553584868685520897
553585504093224962
553585530504749057
553585838056280064
553585840270876672
553586246883475456
553586305272389632
553586421626568704
553586510260629505
553586538928676864
553586781355278336
553586860334010368
553586897168392192
553586940856242178
553586959596396544
553586978017775616
553587013409325058
553587167394791424
553587225901154304
553587278564823041
553587303172833280
553587329626292224
553587352086384640
553587546614427649
553587672137334785
553587708367765504
553587735613952001
553587816048099328
553587861837328385
553587920398221313
553588012752568321
553588053348843520
553588080964558849
553588106587545600
553588178687655936
553588374280601600
553588494661337089
553588704913416192
553588760060125185
553588889084891136
553588913747808256
553588946039746560
553588993993232384
553589051044151296
553589055116836864
553589121776898048
553589285342175232
553589295525941248
553589330846183425
553589372084162560
553589606307090432
553589610014867456
553589657695715328
553589860892942337
553589880245481472
553589914684895232
553589970775343104
553590072373968897
553590459688570880
553590522800275456
553590529548886016
553590653784195072
553590721207615488
553590750701551616
553590835850514433
553590880352088064
553590881371320323
553590891852886019
553590961486696448
553591049541914624
553591055833382913
553591084409184256
553591259672379392
553591303582523392
553591411602640896
553591475830009857
553591494255210497
553591518619893760
553591653647138816
553591841996951553
553592023392202752
553592040374947840
580317556516483072
580317998147325952
580318020192571392
580318210609696769
580318669483413504
580318717860532224
580318938996740096
580319005703069696
580319078155468800
580319116302647297
580319184652890113
580319206400475136
580319458004193280
580319651399385088
580319856496644096
580319968484421633
580319999887347712
580320161082830848
580320242020290560
580320267777511425
580320329203093504
580320563891019776
580320612155060224
580320645906632704
580320684305416192
580320745974288384
580320825351471104
580320856561209344
580320856905269248
580320890086383616
580320893668364288
580320945740480512
580320964875014145
580321156508577792
580321169271877632
580321327845765120
580321350750990336
580321372703985664
580321844089212928
580321948070240256
580322026029654018
580322066374721537
580322332348190720
580322346508124160
580322349569994752
580322453928431617
580322653472493569
580322927679279105
580323060533764097
580323152103911424
580323165068509184
580323456996282369
580323498905702400
580323815261016064
580323877429112832
580324027715063808
580324338865430528
580324697415360512
580324721381740544
580325043705667586
580325090367315968
580325235653799936
580325458870460416
580325714567806976
580325799078793216
580326012749221890
580326045238333441
580326073776357376
580326111311171584
580326222107951104
580326398620934144
580326473803767808
580326744357515264
580326807704088576
580326871302316033
580326978546495488
580327058158551041
580327197921120256
580327336505176064
580327418084364288
580327611760545792
580327625626927104
580327692765151232
580327960638521344
580328132932022272
580328297462140928
580328302939889664
580329153553141760
580329219646988289
580329455173967872
580329875891974145
580329886532968448
580330302251393024
580330362070540288
580330369603366913
580330441854435328
580330454869512192
580330560331091968
580330591826128896
580330660537192448
580330721719508992
580330740086243328
580330986220687360
580331000573476865
580331071457333248
580331192316198912
580331561398108160
580331677899202560
580331843616133120
580332109782466561
580332232121933824
580332296336732160
580332312354693120
580332410853789696
580332485030125568
580332532694122497
580332832544976896
580333759125458944
580333763512705025
580333827425439745
580333881687195648
580333904126742528
580333906597167104
580333909008871424
580334199187644416
580334563932549120
580334678340558849
580334729678966784
580335102313500673
580335398683058176
580335545265627136
580335578069209091
580335608477982720
580336326634962944
580336341080260608
580336394184323072
580336528955691008
580336554406711297
580336568419921920
580336661206331392
580336772128870400
580336782782382081
580336849534648320
580337178506584064
580337292838981633
580337320508919808
580337327677026304
580337418550775808
580337583508570112
580337826279124992
580337873691533313
580338165824667649
580338189904285697
580338194731962368
580338392782757888
580339547269144576
580339793122447361
580339825649291264
580340024736116736
580340423044018176
580340476949086208
580341214098137089
580342519516512256
580342670511472640
580342917291708416
580343473607438336
580344006682505216
580346824269103105
580346992074842112
580347068457308160
580347290633838592
580347360959717376
580347646465949696
580347961256837120
580348081100734464
580348878370828288
580349159569539072
580349424058175489
580350000074457088
580350426278719488
580351083383517185
580351149619953664
580351367719591936
580351604831846400
580352273001410560
580352417541287936
580352455952732160
580352532167311362
580352540316946432
580353540725452800
580353986991112192
580355192908095488
580356429615337472
580357537083576321
580359057825009664
580359081296293888
580359405620858880
580359480782786560
580359809041604608
580360165540642816
580362104110071808
580364138020507649
580364236330762240
580364656608428032
580364973664309248
580365368805486592
580365806720122880
580366761398239232
580368417556992000
580369978546917376
580370249712697344
580370275121938432
580371776619839488
580371845997682688
580371847335821312
580372127125131264
580377478184755201
580377986941206528
580379486732066817
580380219921580032
580387098039046145
580388756043083777
580398796124876800
580697361799876608
580699430690656256
580699825030754304
580706841769820160
580882121222434816
580882302621843456
580882341880446977
580882417117958144
580882674413375488
580882701063979008
580883100533690368
580883510103281665
580883727624065024
580883793709547521
580883864521818112
580884417343815680
580884605097664512
580885624883904512
581047170637381632
581061237783556096
581061272856326145
581061914001821696
581062604988162048
581063145256538112
581063377226637312
581063730319925248
581063753837481984
581063816882065408
581063906682114048
581063928953876480
581063957684850688
581064144394285056
581107798932631552
581132461960249344
581153923987206146
581183387848859648
581247332282306561
581247335998431232
581248880098086912
581249720376553472
581252958446329857
581254429996920832
581257660118491136
581258923065389056
581259253429702656
581261457725210624
581262528107384832
581264214809022464
581274406804025344
581274572823130112
581286157151039488
581287108607811584
581287562947395584
581287795991302144
581288928646340608
581290271997968384
581293286268129280
581295422414680065
581295858898989056
581296960830881792
581299253743501312
581299354431987712
581300992194572288
581301262269829120
581301336085553152
581302544116379648
581303832895885312
581303989406314496
581307361857392642
581314363644121088
581315281630318593
581318271321931776
581325025569030145
581335535832039424
581359544682614784
581377529124130816
581386094337474560
581386155083620352
581387966125248512
581394092648710144
581404604677660673
581405344288608256
581409613913804800
581411131547320321
581437061363675136
581450117972144128
581460720900050945
581473088249958400
581479017770979329
581546828954411008
581550667753504768
