524923293711998976
544383022876065792
500298847550472194
500284377490665472
553541676229472256
544518803225604096
500369391339724802
581064144394285056
580348878370828288
553537322218553344
544293770926120960
552834411553886209
524968205690089472
553590459688570880
524936872666353664
552814494381256704
544288681021145090
544273050188148736
552978385572732928
544377463581581314
500360596995731456
499611069565112320
500422971320963072
544459726948286464
524966392702189569
524960247518330881
580347646465949696
524993166651318273
544296007589433344
498265095559184384
524982531075371008
544488899100147713
553554351633858560
544383230091464704
553582301003931648
525027317551079424
498480911243948034
524944399890124801
553480702067736578
580319458004193280
544390017930383360
553540617540624385
498294367405477888
524941318389501953
580326222107951104
499387993879511041
500299904817049600
544318036715782144
553111157738057728
553196571194851328
498268463639851008
544405761925738496
499581469027618816
553553724548059137
544289880805605376
525026715123601408
544401106617786370
553528503573184514
553584868685520897
544511130249744384
499553298668859392
525069189447704576
553165231275663361
500368579875704832
499699779426066432
553149163181838336
553192641328734208
544271743331078144
544514564407427072
524979668282519552
553581669710831617
499701423135678464
544294639805923328
552980288394231809
552790371848040449
524947414050816000
500192488003354624
553224215676354560
500371149713178625
500366207552196608
544396563116589056
544407157077467136
553477943616634880
580333904126742528
581264214809022464
524930575472136192
552813160110252032
553183067670843392
553196953480495105
553588494661337089
553473704060284928
544357264333615104
525049044201377793
553515399438811136
553542442373619712
552816689386373121
552848426812313600
500359075045990401
498317138554150912
552847427410341890
500370188970524672
580883864521818112
525003253185277952
544333020023754752
498259903962570752
553531316797718528
500360018928353280
524923341359300608
553496697918468096
500312651797233665
544409519380758528
552824456557887488
499703127193305088
544285213891629056
544326782334558208
544450710926934017
580331192316198912
500361668132892673
525033357722550272
553180071775993857
552807013764575232
553118212813246464
552845255796461569
552843349246619648
544347292493705216
544378769952505856
500322486362202112
525036180379676673
544293261506928640
552821977061556225
544290780991725568
544382795099799553
544510402454110208
552982560146726912
499658267493019651
544288799711592448
544357563534680064
544425928290750464
500379055594946561
524941124893700096
499532858399412224
553185716218650624
500386524416856064
553588012752568321
544281591833317377
544366934154678272
524972443308683264
553553202197827584
525035564014526464
552833148128862208
553554835203956736
552845393541988352
524957517294886912
553129378969047043
524949435886096385
553571432475951105
553126492579053568
498499795192143872
580327625626927104
544476808566276097
544296096244441089
553501773517033472
553151506556653568
524929497205055488
500431179925823489
552813420136128513
552811319079227393
544420432099545089
580322453928431617
580319116302647297
544516530160300032
580324721381740544
524959027516932096
553582049282768897
553138330557108224
524938282732642305
552822944603582464
553201549997277185
580882121222434816
544296158206894081
500286865963245568
525071638464049152
552834808121163776
552810625873633280
580336782782382081
524972166006464512
552802117908697088
498463733447163905
552817711617552385
544286537299787777
553141087725170688
498486539585069056
553476073703620609
544514127197388801
544300256981430272
544301589931241472
544444409769512960
498286281894682624
580331843616133120
552815274848964608
552849515271958528
524962072262881280
580359081296293888
498508707244683264
498489451954573312
500403838877462528
544268186292867072
524985325190656000
544290967369428992
544442676410867712
525036457732231169
552849797892542464
581411131547320321
553503184174710784
553480082996879360
500240534481666049
552789521646247936
553174639158231041
499699479688544257
553578243173781505
580336568419921920
552803757864787968
544283745939767296
500377906305327104
544519788752818176
544396587192311808
524952995034042368
580329153553141760
552834754056556544
524947870735429632
499601956491374594
553487356733313024
544405871703240704
544466920880492544
553530667821457408
499607500187250689
552982263907241984
499702384424022016
544312876245057536
580326807704088576
499689919929798657
524979179235069952
544293177596067840
544298959993200640
553180503969644544
544291965513134080
553120849231089664
524977321430630400
552828280806850561
544521260840267776
525028734991343617
552804491821854720
500396366829735936
553525290908262400
544504954334224384
553203041705664513
500344846612447233
544514645571420160
552808071387701248
580322332348190720
500274697485824000
500298588992593920
525030416261337089
544425494763302913
544316684736028673
553177321218514944
524949073154301952
500292129802186752
500074069354905600
524930499790131200
524929796862918656
544497137221136384
553225359928213505
552823940440403968
581386094337474560
552982124274647042
553146494271094784
524941119403335681
553579715014172673
525044262648676353
553553966970044416
524943721302089728
553232531827740672
544512867144192000
525056022046851074
553173371043995648
524941720249978880
544516514519343104
552980557836337152
524964564018790400
553540719714271233
499619724222038016
500280477920796672
552833028201144320
544515446100090881
553126953268834304
500359312447787009
500286805720449025
544515546633355264
544518841020473345
524935485370929152
524949069945634816
552807528070131712
500354853680340993
499635302764662784
499366930457710592
524940014065811456
553141732452626432
525040767317082113
544438309267578880
581252958446329857
553537235463979008
553127508150071297
581299253743501312
552802531672588288
580368417556992000
500071770192216065
552796506642591744
580333759125458944
500375839498723328
500360558806568960
553552293371871233
500378874656854016
544518128798294016
544284526684286976
552986187364065281
552806117328568321
524934381828603904
553218281705066496
552817293969739778
500322373359661056
544301025079730176
544514207933542401
544278985249550337
580336394184323072
553516197283893248
544451181754744832
544277516773380097
525068915068923904
552979420227842048
581061272856326145
500312670260957185
544301786849640448
544331094523662337
500383514567925760
524943226948820992
553143987377561600
553223681409703937
553465105028222976
553176976698376192
524984773211860994
553560429910568960
500288581081260032
524944569528750080
553134790925619201
553555293645590528
499410965075886080
553586510260629505
500417151346696192
553181997041217537
552984798671945728
553139825008599041
544298346345947136
553474188259102720
524933380929245184
524981945131102211
544301149348982784
524955620538343426
553587352086384640
552984231748829184
552846938677059586
544396260740845568
500327106824245249
580321844089212928
524932327907270656
581249720376553472
544371668131393537
499441454498852864
500309745350508545
581261457725210624
544513557912879105
524926301678096384
499659628645720064
552826992509599744
544342204576038912
525051210349289472
524952154482946048
552788396733906944
500288263320768512
553176929411825664
580328132932022272
525021050627973120
552846811359350788
544374871812472832
553544336475168769
580332832544976896
500278944881725440
552985611070881792
581318271321931776
499705599454883840
499432557906104320
552838171323817984
552810249263259649
544427216516698113
553546679161745408
580340024736116736
544384041391517697
552804394727927808
553590961486696448
524944006577668096
544516381031792642
544492843499540480
553588946039746560
552784526955806720
524979133366165504
499368426931228672
553231667523883009
544436279442546688
553099685888790528
500383956362334208
580337583508570112
552838074636718080
553215383256432640
580323152103911424
580339825649291264
499497872564703233
544336432609775618
524950159160250368
544519635916169218
553468492700454912
525069912679923712
525046443103354880
524937574281121793
553480333954678784
500363097698086912
544512108885725184
544299273664593920
524947867975561216
524952322703900672
580320945740480512
499696525808001024
544299439087550464
552978099357237248
544351015936331777
499361506132508673
524925124303396864
552805619301097472
553561170637238272
524967631171117056
544283772569788416
552804839886184448
552790824971677696
500359377585704961
553476490315431937
544510453201006592
553169307824177152
544268637134393344
553588913747808256
524943012602716160
498303288295817217
499361965035491329
499660768908832771
525031610136014848
498322865843109888
553174789561389056
553214939838836736
580320161082830848
552982669840355329
544373504419069952
553200552142983168
544379738240720896
500299227969646592
544290646010261504
524956372199555072
524949887591653376
544376300417585152
498262106937237504
544290611856408576
499695460358311936
544512514651066368
544317438079139841
544351969658564608
544518647881170945
552817965813739520
552808701065953280
552795050502270976
524936793633083394
553585504093224962
500270780832174080
524993523746373633
552815540721291265
552813461953323008
552806056154644480
553207514222063618
524928297986433024
544280516821024769
552978225094078464
552837644959621120
544519486498676736
553534934447824896
552823014866563072
500324234821124096
553580499395174400
524978172110987264
524981463033581568
500242061279637504
524950321064607744
553542235661553665
580331000573476865
552783667052167168
544475686740967424
553576648973377537
524987990524047361
553181902543126529
552841684485414914
524944788525973505
553477352542707712
552811408094945280
499698366402789376
499403422278619136
500272399867068416
552819983915700224
553118384540643328
524960814944747520
524943812339437569
580347360959717376
544495359800930304
500351760402493440
544465934149513216
552843136238899200
552812140479148032
544394858405060608
500296692713783298
499361679197884416
544287252306997249
524953017389707264
499345023721537536
544391789789331456
544284483453595648
525053517531062272
500314788610985984
553145236268916736
544351967829839873
544374313848430592
544287991959539713
552805175874686977
544373694068686848
544520795511611392
525026031833718785
524987432656453632
544286172109758464
525055052801515521
580322653472493569
553461741917863936
524939327399559170
552836695754678273
552805853762699264
500284699760427009
553544252563935234
544511199702822913
553555979238129664
544513524438155264
553137476135432194
524939818347028480
544275733607366656
524931019745812480
524940716733370374
524943658748219392
524977992683237376
544384349395628033
580346824269103105
544493536771854336
525052223030845440
499697887434248192
553153190859141120
553495922639122432
553587816048099328
553140613051215873
499404849835175938
553098796108750848
553169622762262529
544323450270392322
500292917957648384
580371847335821312
524965242213007360
544496262629036032
544296772592336896
500252508884070400
552822604206460928
553589606307090432
544472595140063232
553586305272389632
524947030616313856
500287313256402945
552795585095671808
524985687704338432
552822873773993984
500393439482368000
544503037973528577
500283314230419456
552785443813457921
544495155198181376
581290271997968384
544515999161393152
553141935482093568
553145755079569408
581247335998431232
553152215050125313
498285529704976385
500318003024494596
552981833189969921
524945665827545089
552787544837197824
580338194731962368
525025806079504385
580334729678966784
544435176479027200
552833941930274816
525006356731166720
580344006682505216
499456913902284800
553470492565602305
500277477986828288
553233728030650368
525023610243928064
500296080710705152
544305999994421249
544503881527742464
544477048048082945
552791203432103937
552791182670327808
525019992337551360
552820533507944448
580318020192571392
553552772277481472
544279603259248640
499571347375136768
498287166909579264
552996335319007233
544518036255150080
580317556516483072
500395288335360001
552808135006887937
524967711492014080
544373515067998208
500255282757632000
500231335668383744
552786818853113857
499584618165567488
553541776854634496
544271069146656768
544452087468150784
553490160344502273
544274544174071809
544470979842281472
525036393983381504
552815712432316417
524932935137628160
553535468290453504
544495066258362368
553570203678683136
499691556652449792
544391323214573568
553506985413713920
552807210041212928
500321184269881345
544286686142685184
499590048313262080
544419788739461121
544409400941625344
552846353416867841
553227220765130752
544337383215226880
544316046379716608
524927789892653056
525021358879936512
544280077778055168
544379787246981122
580325714567806976
524949439367380993
524983236712476672
499682060793937921
553556844665659392
553108153915944961
553131791553667072
553591494255210497
498293625420148736
524949026064850944
498272309535191041
544519694401941504
500292202845982720
498298040881782785
524978855531253760
580321169271877632
500280422295937024
553147368913506304
498280730070622209
544505129810944001
553186515359379457
524958227768020992
580320890086383616
553181500104269824
553550301886955520
499693411503726592
552841562963464195
499527157023277056
553164985460068352
544460097146331136
544384255825289216
553228537084116993
581287562947395584
500251535943942145
552839270395035649
500309222635360256
553529935789559808
552810124776308736
552809418417790976
544388259359387648
580339793122447361
553509146730176513
552829481962835969
544319450569134081
544356997718900736
525062993898635264
581248880098086912
500175929902395392
552810804186460161
499699989237747712
552803839490150400
544325779199258626
524924619812511746
544492372088717312
499394946416529409
553537939041701888
581296960830881792
552823949311369216
552806077755326464
552827008800280576
544508725420380160
580377478184755201
553124985900785666
553177833686589440
544289941996326912
553478677359775744
500413818368184321
580337826279124992
524943615437848576
553475430897156096
553122276913471488
553115236992290816
581303832895885312
553473369539366912
524991844292521984
498586725502173184
552822783311630336
524931110279852032
580332410853789696
500231484725161984
544366036498542592
552817101057318913
524928863714168832
553128325217275905
524923462398513152
524974975623892992
581247332282306561
544511865729323009
553478014785187840
552817151112142848
499600140580044800
552793539856588801
544456216907636736
544387967037763584
553205691742425088
552842642216988672
552826150141960192
553570370192949248
500358195408551936
500320235841265665
553519375521951744
552795693682032640
553124268196642816
544355987608444929
553186026811039745
544338731210399744
524932635177795585
553572740125712385
552834461478715392
553105460887572480
499697498072420352
499657584836874240
581061237783556096
581387966125248512
552825473160736768
553471987411324929
580319005703069696
544280923923959808
499671635067437056
553163862707818496
553587225901154304
525049639016615937
553587920398221313
499362441697193985
544380433014591488
500352655827279874
552831624283693056
499590929611640832
500385868041842688
544308793623207936
544324444773433348
524996383120818176
553160909208559616
553534707108155392
552827123963281408
500070699768496128
580883793709547521
553111553235361792
500254607470518272
500307001629745152
580320267777511425
553481076916883456
552799591255384065
524986649315667968
544332510440595456
580329875891974145
544280929154637825
498256407980826625
580330369603366913
544290995462889472
552805735885991936
580337320508919808
544285194815942657
544458427263512576
524931324763992064
553152395371630592
553583035820802048
544407300329709568
544294794139533313
544301900682629121
552814213081866240
552978586559188992
500287815734013952
524977651476623360
580334199187644416
524971124845985792
552833681111658496
553113536625664000
553553331671408641
498473263862149120
552985855854661633
524961016904294400
524950395110842369
581293286268129280
552814317096407040
552828658747187201
498357910603575296
525002243100401664
524983599851130880
525025463648137216
524951419175309312
499651830951841794
498294815579467777
499606278910398464
544492614838673408
500234390723915776
524924346411020288
544501464849059840
524925050739490816
500322242296041473
525048557569454080
553164381673259008
544483003758419969
553535862911541248
544519284740079616
525040545870385153
500290977798836225
524998110268096513
544273256174198785
544389493273276416
500306837103968257
524937542131793920
553536397731442688
553139573019406336
544426421331169280
500280809652514816
499705246642622465
499697729225105408
544308888628387840
553521697350234112
544288135564107776
552787361437057024
544363471660277760
524987184836005889
524945095322513408
500180625312083968
552837147305455616
552827981069291520
544446828654366720
553517713147301888
524935816603107328
552822076676255744
544367862211952641
544306402731507712
544351486956670976
580331071457333248
553592023392202752
500358258654470146
581254429996920832
524986820850106370
524964989975937024
544340578528272385
544487291465392128
553200769671761920
524952005157347328
553535227214438400
552808282398924800
544436330856329216
544287796719288321
552836775191019520
524949628689461249
544272537341812736
499605248747786240
500289307257868288
552819064301961216
498272364560257025
580333881687195648
500413956230365185
552793679082311680
525072912957452289
552791578893619200
580882302621843456
499669445548449793
544512664769396736
552815293349650433
499362480179912705
544431559320014848
544453251068743681
498483279943962625
552808620187217920
553185854165114882
544354175900196864
544515489016594432
553586959596396544
544281689233850370
544512187171995649
552808658510561280
552812623658762240
580326473803767808
580365368805486592
544372384690872321
498248648699150336
552838568717344769
544305463048015872
499611719090450432
524951625556066304
552812847651377153
553512735192141826
544411313779126272
524940940721418240
553110339236409346
544313043463987201
525058825909731328
499612545909415938
580318669483413504
553471193110421504
544509086998749186
499689349420568577
500335355904540674
498255816034893824
524973444946202624
553570914143854592
553590653784195072
552836586191474689
553195808930410496
581063928953876480
500384393362698241
499601812005998592
544395562666037248
500376174095511552
524958599433691136
544284859628523521
552820842544246784
544292129972170752
553115341338198016
553535221828964352
544282127404388353
524935085863481344
544277117039837184
553167814941761538
524947071770435585
498480344992350209
553474232596701184
544273220128739329
553144428584398850
553198972287082497
499647059688173569
580350000074457088
524931830173421568
580352273001410560
553212962044149761
580387098039046145
524944637489086464
544266241511133186
552801880812691456
553531802347122689
544287815790755840
544508411178536960
581394092648710144
552796863297236992
524968466559033345
500359356589019136
544444021066563584
553558131369062400
544384825332101120
553508098825261056
580324338865430528
524934648473079808
524941727753568257
500270284117925888
552826238407294977
553174353735872512
552842983247466497
524951711941922818
544306591235710976
553200573387124736
544307417677189121
525057374965739520
544387886611570688
525005886272843776
524965406377664512
552982813671043072
580323877429112832
544370712639590400
580336528955691008
524974318087061504
552825083941879808
580332485030125568
500341884678836224
524975847846203393
553137849663361024
552822696200142850
500325111497777152
553100922268942336
525003468659228672
524933399828369409
544392801836728321
524995771587108864
580334563932549120
524979548195024898
552820384039706624
553234578086055937
581404604677660673
580334678340558849
544511558173601792
524990180034609152
553096978788515840
524938162900967424
500349179848560640
500339209715335169
553553813542797312
552829580579323904
500421926079066112
500277808883830784
499692589143298049
525026592788348929
544518337498058753
544410050572582912
552810138114195456
553534768537939968
552830151650967552
553542337553764352
524966572277129216
500420906670256128
544284455909998592
544374422056882176
552821287933202435
553535829017370625
581287108607811584
525023642007371776
544429350376861696
500408607561629698
498277678706077696
544319274072817664
544287425380360193
544353502689251329
552831978522021890
524946179390701568
525070933556350977
544335202923737089
524960245509287936
544287499397242880
580338189904285697
544509652390924290
525038517844709376
500361302238564352
524949021744713728
544329251487756288
581183387848859648
552836968410021888
524929106987991040
553175336926449664
553550448154910720
544300361360498688
552848701312737280
580322927679279105
553557308937363458
544513199375384576
553544039241224194
544511391349354496
544309113694740480
524953077456318464
544404673357021184
553177822312013825
544434195469045761
580882417117958144
524930851747164160
544372222400671744
580326012749221890
580349424058175489
499700824432717824
544520615441756162
580319651399385088
525024181218725888
544374018661687296
544389893120856064
524938433262006272
544321934410788865
552832584045330432
500357314722156544
553555705945288704
524925215235911680
499585144416514048
581335535832039424
552821570423771136
500288349924782080
552984916070531072
500372391407931392
553157744061325312
553475269873643520
553590881371320323
498498431271190528
580319078155468800
524945197705461763
499525020708634625
553551279620755458
524929893759737856
524969963850051584
525021132022628353
524967811081195520
500377145349521411
500263680026869760
544516240572940289
581063753837481984
552814766369284097
500355828227252225
553531781690163201
553551598954491904
544499892010635264
499553513471741954
544372465078505472
580327336505176064
553229808260632578
524970851675176960
544284957766463488
553214597055135744
553576849943826432
544282714237448192
552790742700417024
552784600502915072
525028171549523971
544348392944463872
500336373833170945
524974566830247936
580332312354693120
553148984509100032
524941529928839168
544518859290464256
524932292406681601
499679142766735362
525007664544493569
553588053348843520
552834558706847745
544290258951892992
524976963862429697
524927356830760961
581300992194572288
544511783940403201
544363222296297473
524952808110694400
552791034447794176
580699430690656256
525035832336736257
544334939374641152
581301336085553152
553563889104093184
552839843999645697
524949243883425793
524947744809418752
553558513210105856
553549680538578944
544307871853592576
500363024926900224
553505858811080704
499511714438971392
553474965278691330
544338575240609792
553543319423553537
499681614549377024
499615655906533376
552830684021424128
553476471470432256
552805050620604418
553529334892609536
500363141034020865
544503217107648513
500371231183745025
553533193899368448
544514883484520448
544395613043818496
552786116404072448
553114307383541761
524987851046658048
524930293921107969
544483282352889857
552816600995614721
553487544508493825
525070811439579138
544427938372792321
580320893668364288
524981689781870593
553145736045801472
524973811092193280
544337689676636161
544275597464444929
544336537870434304
553573432554979328
553185062829948928
500285919539511296
500293830827331584
544376732649013248
544398512931086336
500404132394459136
524948790227517440
544280650455728129
553500238246608896
580333827425439745
553468593141469184
552840740007866368
552817783910961152
580342917291708416
498609222020780033
544366894107480064
581258923065389056
524981513637888000
544455530756841474
499565555645685760
525050193360613376
544517264054423552
500394005419409408
544307547390607361
525049831312875521
500290464621559808
544406212461473792
553156573607251968
500260514807947264
499531968229683200
544279262547935232
552850533523136513
544280397472088064
553159773555023872
500291116403789824
498602841335169024
553590721207615488
500237448798949376
499368533378498560
544291619084959744
552812572731527168
544323127522906112
524939821815721984
553147341470203906
580336341080260608
553587735613952001
500072098178813954
499576743967993856
553486439129038848
544320992361721856
552802714816905216
498616975850225664
552845711289909248
580336661206331392
552828573896413185
524925987239120897
498585089828478977
544511263788003329
552786299875520512
580320242020290560
580377986941206528
524965077318107137
499698828845780993
552817769604198400
552833527444566016
500296158476906496
524947475858472960
553537870431268864
499699107615997952
553467311261503488
498264107460870144
580324027715063808
544338698750664704
544424775939293184
552830599002857472
544428261602623488
500332933098385408
525025329916948481
553588106587545600
524935791794221057
499388398529175552
524945879455653889
552803792618799106
581546828954411008
500308705083400193
544307161589772290
581405344288608256
553589610014867456
552802128688078848
553489837542899712
500359223557890048
552978476605923328
525033278555033601
552831515940634624
524943114885427203
552840037642297345
553207267685060608
544500527720325120
553188382403477505
544361776020586496
500358061698347008
553135106609922049
499706059691663360
524953569762766848
544272561266503681
553488824656203776
552792544132997121
553099479381848064
553584366803488770
524970444156571648
580330986220687360
499697652385464320
499655249398075392
580320563891019776
544351885298130945
544294692456628224
552808776492130304
552829306439598080
524922507380670464
500295393301647360
552807904597008385
544385535909715968
580347961256837120
499481575059619840
544280873806610433
552806610490646528
499620598994444288
499438052688023552
524977669902172160
544334477011349505
544273563872538624
498284334806495233
498296205777326080
553535829529100288
524938107142283264
553157600225677312
552830668607348736
553537537126694912
544294402366394369
580320684305416192
544520990538358784
544511915158810624
552984502063337472
498314939359301632
544445364322197504
552806932176977920
552844104418091008
524967510563889152
553541834975498240
552847218403581953
499697648866045953
553469733656203264
544309060883845120
524926472432410625
544510784366080000
553586246883475456
553106869615472640
552790878805168129
552797406094716929
581450117972144128
553558385048944640
500286984162525184
553222727700865025
544518590104621058
553569333150896129
500427786159681536
552801829290270720
553186555150749696
553157857215262721
500420356621213696
553129811850559488
544351133120987136
552811386259386370
544317301064208384
552832232197746688
524957974226550784
500378522788315137
544458458527834112
544395712130449408
544444539092488192
499408845127819265
500320616428601344
524937421180653568
499584511710351361
552834640692912128
499397804620386304
544381144620216320
553480292498153472
544305673287524353
544374511194632192
544355218251452416
499698817567293440
553190729447919616
498277231253127168
553589051044151296
524974885362479104
553557753558757376
553143017922912256
552807236339507200
544391533240516608
544334554631536640
553118198741356544
524930671220105216
553157114156560385
580326073776357376
553566026030272512
580352455952732160
553518024272379905
544304742743044096
553579914717577216
553162589744926720
499665704300191745
500369097360953345
524951948337098752
499530130487017472
544330174351679489
552982613288157184
553017543330648064
544379489263042561
525027958835408896
500328583194509315
544489539348471808
553545782050045952
500311883669585920
544500883963518976
553589880245481472
544457877688430593
524971492820647936
544513292576641025
552783238415265792
500327581514993665
524932574909857792
553224082213601280
580329455173967872
500277563072475136
544515665319976960
544516164333080577
553466230989144064
525034687245582337
524940077978640384
552805069956329472
544478708741201920
544379366474403840
500298981558063107
500298752469770240
544511151900753921
524936365427806208
544408496918499329
499663992697417728
524964948683005952
544319832486064128
552816883012239360
552836829234614272
500274132756738048
544406902990323712
500286293688193024
544301925735202816
499697037156171776
553223992300285952
524971258996588544
581063906682114048
524955304199352320
553542628097019904
553484780093050880
524958173245870080
525039686931075072
553587013409325058
544321103875694593
544463201875025921
544274364288364544
553193210269298688
553492417023057920
500302115458523136
552851679905734657
524952883343925249
544356122082410496
581359544682614784
544464812621578243
552808487924011008
581460720900050945
500379259698176000
581063816882065408
498556324868009984
552798891994009601
544306732475105283
544328894812549121
544372177965834240
553101858013581313
553535430788780032
524955102554361856
552834623944671232
552832784046108672
552799640488517632
552851847581413377
552831230735962113
524960277348233216
544515850963648512
525038096086499328
544400775775289344
544439521236893696
544436172999495680
544402515085623296
500315237375954944
552817759684665345
552788947219533824
525008613392515073
524953840127574016
544491410439667713
524949884143927296
544495737770618880
581274572823130112
524950455743291392
498355319979143168
544320939245043712
524970731202166784
580321350750990336
524965165759221760
499690351875981313
544286724831318017
552851305023414272
544378468931076097
553589914684895232
553189526177579008
552783745565347840
552807658869493760
552791678881660928
544468178961592321
500382437655207936
544465040666288129
553474514496278528
500326267640905728
525039876366798849
524951893467234304
498283038338711552
553584292090359808
552830433688571904
544409517224898560
552790074166108160
499693137670205440
553586538928676864
500331472277225472
524964630221705216
553515054503821312
500375190535421953
524929559909916672
524935758143324160
553493785523400704
498316475317239809
553591841996951553
525047767325220865
552827606715076608
553590835850514433
552821223676444672
525019469983531008
500413489882484736
500357713260724224
525067500447612929
500301418406744064
553588704913416192
500359508531884033
544464731449196544
553547637832843264
553170912129056770
552803431702749184
553493707472011264
500283831803326464
500258409988763649
499592320900431872
553540131756732416
580360165540642816
580885624883904512
553105208008773632
544510345289924608
580362104110071808
544285296565948416
544374563539140608
498349598197702656
524937560276344832
553197863971610624
553532980871053312
498463591767756800
553546292748898304
553474012446478336
524962199543230464
525046432085327872
552846893588709376
553215313807163392
552784882687299584
553488054640340992
553469523945590784
544280217104031744
525012689568161792
552817675408523264
552985912901001218
581107798932631552
544337761600557056
500375737439096833
580319856496644096
552821810224304128
580342519516512256
580356429615337472
580330591826128896
524929550493712384
500282674200604672
544337283801829376
500280847912955904
500281856559161344
544372545219489792
500382853147164672
498274948772024321
553216451780554752
524933657493250048
525019752507658240
524958743000125440
553219770053443585
544462438310375425
553587861837328385
553560219981459457
581307361857392642
553505242554175489
524987150413336576
544432661419155456
524967376719466496
500285938824908801
580364973664309248
553587167394791424
553588760060125185
544274879055675392
544428421745741824
525041091507388416
580325235653799936
525047104239333377
553581227165642752
553526283033133056
581047170637381632
580324697415360512
552828400843620353
552839385209917440
553526776878469121
553528740618436610
524947502903345153
524937968138878976
544316576645017600
553556728651210753
544356579098001408
552792988376915969
499602989133594624
525032872647065600
525045203648790528
544434450918932480
580697361799876608
544285508441231361
552800045096259584
553514505633017856
553567716414484481
553553173743677440
524926445496197120
580330454869512192
544297247567917056
544517500118249472
544482233038286848
553136990787342336
553133704881917952
553194557316542465
544459882075017216
553540934118694912
552792131447037952
544354657385316352
553537648938086403
553168792017457154
499695682476060673
524966565788520448
544355417900716032
544372257674788864
500353815132897280
500235112785924096
544339368823894019
544462911729455104
553501357156876290
498311895716470784
525044725926330368
553590522800275456
500308708988301312
544483404528775168
544384839906906113
552816590463315968
544390130682068993
524983581983375360
544324741239037952
552819350504493057
544271815007145984
500279189405433858
499693751720501248
525027539845410816
553213740137467907
552790875492073472
544282005941530624
544283387087691776
544301296099270656
524941041301225472
544351356824604673
552786361758265344
553137946740932608
553485654030446592
552831881847533568
544350480780914688
544295960449265664
524968337747767298
524941132237910016
544302448522035202
552821862850637825
553567184002502656
524942548066791424
544326597055369216
553559793940447234
581473088249958400
552993818816299008
544343367279456256
500308076004929537
544513407400304640
553588889084891136
524953391634866176
553122359398260736
553586781355278336
553229626756329472
524983146266505216
552822739388882944
553205427253829632
544289448150986752
524983050187579393
544296373466562560
544384498947719169
544287083343671296
544420963429797889
499673142114013186
553476880339599360
524943132409212928
553100203239428097
553514329166061568
544388658334146561
553591475830009857
580335545265627136
525034457086959616
544277860555710464
498302874531553280
525057606151602176
499706705354448897
552791115599192064
552837086425128961
524980504324358144
544279945128591360
553583809602801665
525028522361114625
500281131057811456
524952341561491459
544508543152304128
544332254068350978
552841477819473920
500290456845299714
544377046030635008
525046462460477440
500280249629036544
553180236591169536
524942353355005952
553106714682462209
544350567183556608
544373839548145664
499563566786433024
553107921081749504
524955850591334403
525042177643016192
544385829180035072
524959630158725120
544268732046913536
553545906155712512
524950507023245313
552795773180858368
580706841769820160
552806757672964097
553573365798416385
580333909008871424
524980219749597185
500406581855801345
498486826269548545
544449039433883650
544467710923395073
524923480173981696
544276998017646593
552814216550563840
524976486902951936
580326398620934144
544361266718846977
524939347699585025
524955557686284288
544519166582337536
525029232691650561
552835288725061635
553145422097969152
500292684192686080
580371845997682688
524975642379816960
552841043423805440
544510450101415936
498305825341845504
553521417598550016
581377529124130816
500335761615355906
552825753264717824
553215305917665280
524947716393414656
524946921547628545
544514538797035520
544279776765431809
553591055833382913
498292602861400064
580337418550775808
524991576163250176
552839800433410049
552841006799159296
553585530504749057
544325896661114881
581274406804025344
580359057825009664
498575704582148096
544294274674593792
580322026029654018
553555600911925249
553105121526427649
552979279039197186
524961659685588995
524950264303075328
553590072373968897
552817205982019584
524944881941495809
544359422726664192
552843285468020736
544419029905985536
500328451929559041
544293694166536192
552836844560609281
552813494345940992
552785695845396480
553547836517007360
553176753297162240
525055879545380864
500360248767840256
544492209861836800
524980579956449281
498300832648273920
524976929703997441
524928119955013632
499694783691239424
499397048878501888
524948941956448257
553587708367765504
499472596853743618
524940030109036544
553586860334010368
553556984273072128
553477692591726592
553553244845522945
498452664527511553
524954313337364480
500369479482630145
553172148085620738
524978526974668800
524972277406773248
544308531684335617
553588178687655936
544353303468199936
544516427827249153
499484255869612034
581153923987206146
544291829290508289
544518033902149632
500339591392817152
553566829273423872
500318980007948288
524946753154727936
553544419602104320
552978376424964097
524975705206304769
500359323588239360
500363831957135360
580322349569994752
553108242856177664
553590750701551616
544359578612559872
499445575956578304
553551435762503681
499610913112989696
500298315368390657
544323086841954304
544285819108741120
544353918315397121
552831705351225344
552787878351474688
544475905926524928
525024066152169473
544391790615605249
499448210789007360
525025279803424768
499705041238765568
544459333983948800
524958384060366849
499622667142844416
553518053838061568
524981436252950528
525023025792835585
552807536894947329
524987107081977856
553551148280729602
552846886626164736
580330441854435328
544273459199893505
544296465619619840
544450135988899840
500426437392732161
553532980896231424
544376469279875072
552804962158514176
498497395198799872
524930538009006081
552784168849907712
544294893146091520
524939378552864768
553540381187780609
552829971631472640
544382892378714113
544292670336925696
524998906799988736
524974106308251648
544455370476109824
525029913230053377
499512318410375168
544334623023452160
524947196131966976
553562348376850433
500261600579043328
525040097272819712
552829176018112513
500335927248429056
552838710296080384
581063730319925248
552825844755083265
553575803733426176
581286157151039488
524956294395224064
580332109782466561
553555389611274240
499439795618480128
544377326122057728
580347290633838592
525020620636307456
553591084409184256
553157352091025408
500277526590423041
499612195756728320
524973920722878464
552831974784905216
553466755411369985
544288661253398528
500363602943942657
552787599031828480
544358533819420672
544408293192368128
552834229722038273
500284871541940225
544323933634564098
499507509171060736
553162459885096962
580330362070540288
580326045238333441
544377700677615616
553536603998945280
524957752138149888
553535642848989184
553543369604210689
544277113683980288
525032520124207104
499407248427188224
525010245811466240
552815387759616000
544514474963922944
552786016906383360
524955159840182272
524931083797004288
544306719686656000
544309006500888576
524983325275197440
499405449951584256
524927281048080385
552831101312303104
500160181184249856
524970097711267841
524922078638903296
525029016001318913
500360978387976192
544298121379852289
525039242771464193
544366824997912576
524948206023880704
552822043490938881
553228535511650305
552981296839131136
500293511632388097
524953604717686784
524934827909210112
524981890567385088
500364290545958912
580337873691533313
553196453938855937
499362348940144640
552833393734721537
544271815044894720
553175550231986177
580318717860532224
552851421155299328
552807783385800705
553119235904643072
544491151118860289
524993009440403456
500287491182579712
500393152444772352
524949733983657984
580343473607438336
552822450824962048
500320680810795009
553591259672379392
581257660118491136
553583847850663936
552813549291315200
500289088285863936
500326873407455233
544506443626741762
524981557770350592
544391176137089024
524997030536830976
499366977497214976
552838324977545216
544355924224532481
499359735947087872
553570818031374336
553589055116836864
524954661703680000
544403564077260800
500343812863311872
525018799347875841
524964457936863232
525021697003782145
580364138020507649
553470977972375553
553472225798795264
553174536028303360
544274757689307136
552810448324943872
524983403775799297
553589330846183425
500234112054341632
544399927045283840
544513035118075904
499494187969298432
552850725467082752
552818799095730176
544350985142173697
581386155083620352
525019265888702464
525035552643751936
552829386773516290
552834445301256192
525023858831523841
553517053110657024
580336326634962944
499366666300846081
553102828743716864
544487579048222721
500358526804316160
500275854434639872
553538483474534400
544374395540881408
553561169923829760
524998881676107776
580330560331091968
499456140044824576
498507434693246977
524990519777443840
499706065769201666
500400102125879296
553184643055644674
524983366261936130
553188115033387008
525040408653754368
500405877460193280
544274934835707905
552813988644659200
553220369721483266
553483415954411520
525058633730891776
498325055726559232
524952437137092608
500278365031370752
552830864187727876
544278335455776769
553167429665587200
553149347777753088
580369978546917376
500310127896199168
553552825431883776
552848704819183616
553169577228926976
500257166478282752
525058578365698048
580337292838981633
552830850279424001
580340476949086208
524948703850029056
553145137086607360
524970966842376192
544486142763347969
544509140911919104
580330721719508992
524925033626738688
524950679274942464
524957429889777665
544492984880754688
544521166543548416
544393889113600000
544301453717041152
544302821450207233
544350712365207552
544341194822520832
553225809444749313
580340423044018176
524949339131904000
544447757860483072
553144712920834048
552810477940932609
552849316021551105
553559880599359488
553574345235103746
580320645906632704
525029433632366592
524946336190586880
498274934553317376
500309381930844160
552850379453366272
524965775036387329
580323815261016064
544511560249790464
498254340310966273
499706350759206912
580350426278719488
580355192908095488
499702462865874944
525056576038518785
544518335019229184
552982443511144448
524966596897685504
552815017402589184
544329204314406912
500287857727377408
524948554344054785
553546967281061888
524949306101743616
544373593841623040
544430771688439808
553115926531674112
524961908903149568
544389986809036800
544383383095508992
524957925157384192
580336849534648320
524948710812581888
553582465734832128
553124985137815552
500316005089181697
553209341520535552
553098799380717568
544288009747566592
581550667753504768
553538523266318336
544473507594113024
544510219401703425
580882341880446977
553096753898323968
552823108537954306
553205115830951936
544463189447294976
552820736490889216
544320179560525824
544508995361202176
499700838127120386
500358977046474754
524990163446140928
552815182708494336
553160652567498752
544277650714677249
552793552376569857
544340943965409281
524947416869388288
544333764814323713
544422134127525888
524964929083023360
544512676643500033
524950339074523137
552804784819154944
581437061363675136
544508035113439232
544315864397258752
499657337548701696
525030165190303744
544420375224791040
544419008615702528
552786340958715904
500366333461422080
499700579527299073
553127274829328385
553175714128990208
500315532382707712
544427461136502784
553547659404148736
524969679790817280
580320825351471104
499520839860367360
524958238316298240
500294693356175360
553188974811185152
500375440285237248
552811772038881280
524945814796644352
544298334354411521
524982954880413696
524928878075457536
500389488217309184
544287922166726657
580321372703985664
552801438821515264
552812811651272705
544317474498703360
580347068457308160
553535971959275520
553145603665186816
552806309540528128
544355845489065984
552980714610634753
500384777514799104
553229956830875650
544420067774316544
581061914001821696
499446567229603841
553118438332571648
524966946467749888
499642374428307457
552832142397296641
499690604302192640
552833658017824768
552814983797821440
498274493337702401
524965723672961024
524967727266398209
499678305134448641
544517624114081793
500286059918274561
553216909022605312
580884605097664512
544416436374892544
553488850363101184
553590529548886016
500266427840864256
524961721744900097
524973223356940288
498269289812856832
553503546382249984
544315472075042818
500294349872062464
544328673097039873
524925600318754816
552822434639126528
544272134764122112
552811735183552512
524991832451981312
500398504075071488
553155988917075968
524923678472286209
553580959661309952
544330861680664576
525039002307424256
553523303453696001
552801115516186625
524966904885428226
544494058287423489
544280707800264704
544355197435142145
544436666661085184
544511736465072128
499411840733282304
500402908740210688
525023057526947840
544377502563459072
500298091627823104
553218279557582849
553184958958022657
553548567420628992
544508666724876288
552837484221300736
580333763512705025
544414634308939776
500380881563811840
553495137314435072
524949443607412737
544304298243653632
499427833102745600
552979275776032768
580317998147325952
500359117132017665
552816686752358401
525058976376193024
524922729485848576
500374427448516609
553206304396038145
544350565283532800
580331677899202560
500396175753633792
499699006298419200
580320964875014145
553575984054951936
544513072006967297
524966770428243968
524926698165633024
544515538383564801
544297696308518912
553115168084074497
525045145079533568
553542208214036480
544492053900836864
544332613532811264
580883510103281665
552837610897694720
524988712367955970
524945684966166528
544269221564137472
500279571988877312
525012247249428482
581063145256538112
525052332116312064
498500813845966848
500284494201757696
552832817089236992
552798654495354880
552801979861598208
544428943080951808
524946609453678593
525024518713397249
580318938996740096
553539631149756416
580321948070240256
500364921607974913
552845840247971842
544293021995393024
525030696738652160
553195852643442688
544401599414943744
553113509152952321
524957647653863424
580325799078793216
552833268362772481
525045709402148864
553502311872733184
544508479675711489
553219651594125312
524954623145431041
524959390332239872
500382270340214784
544290752533393408
500364250461003777
544402785966772224
552794157484634112
544480905532669952
544318880001560576
498430783699554305
499638207987089408
552787144373460992
544287165912735744
553195827397926912
580333906597167104
544448991518130176
553174713061892097
553188214522249217
544519849507307520
500286058664579072
498293668655423488
524942149973188608
544277526248304640
553221293298819074
553140194606469121
544317609718865920
544300945820352512
544445607717261314
552787321561812992
581288928646340608
544300369765859328
500319675797209088
553198268436344832
544280765111218176
499579905508917248
544384662765068288
544316500002484226
544403765575839744
544491160803106816
552841049467400192
500278169828470784
552796269069209600
498286045843435521
552801958428700672
552845028130037760
553469263650906112
544285712653500419
499649872534831104
544340091615715329
499683602452717569
553524086417424384
525061787860103169
524976980799000578
544434964985421824
500273257262886912
580379486732066817
552822812281692160
544451052679204864
524982608716120065
553145690424344576
499674991294951424
525011747007377408
524969201102901248
553506608203169792
552827349667176448
553506946054369280
580346992074842112
524947149134774272
553536358950916096
498507730395484160
498292200955195392
553556643456507904
500297358908071936
525055967076290560
552842837516386304
498472666802958336
553470382129565696
524923148576518144
553575450329378816
552807101442322432
500336040440516608
524954105471840256
525060425184858112
498279420885360641
525065430713790465
553101388926840832
552844593046097920
544301961638457344
553475729187680258
552816062593761280
552802654641225728
552832169496694786
500287538578587648
553161476928978944
580335578069209091
544515072203444224
500306548841660416
552991544731774976
553476600985948160
553470140042735616
553574501964079104
553489393202499584
544411097797644288
553484760233017344
544437156505067520
524924954287296512
524996756220956672
544401029211496449
553145034720030720
552819155859431424
552980760500916225
580359405620858880
500388477763325952
500224586064343040
524962142563610625
580319999887347712
500362377062547457
544334431830286336
553221600955621376
544401675789033473
544310853613281281
524956383318650880
553187649943384064
500398901028196354
553545857304629248
580371776619839488
553582011324329984
544311814649942016
544471218951581696
552814460193476609
499369948943495168
553151804046082048
580332232121933824
544382249178001408
552801954733490176
553104539898089472
553189840913989633
499598945417703424
499691429359517696
544301624814870530
553566877956734976
524958409381384192
552821475066281984
499360784666071040
552811438994378754
524961589406216192
524961408740380672
544409869990633473
524926184069808129
544518044643770368
524949136173694976
544296985910861824
525009850104037376
524925730053181440
552849116280393728
499571799764770816
552805799106732032
544349042952916993
544315187608973312
500368901365317633
553563780928770048
524956168754843648
544293753130082305
499648712596271107
525037540508594176
544477802255630336
500287479015292928
544392718601183232
524937675115999232
544504859290906624
553491540535156736
552824769754976257
553591303582523392
552816497740251136
553226143307161600
552984347754897409
580366761398239232
524934507892580352
524923676484177920
524957554829717504
553531695480463360
544310222547087361
544272701108797440
552816932643405824
500360244187635712
544276027644850176
544297827258888192
500328758201815041
580342670511472640
544289409294553088
544373676842311681
553099800951136256
499368931367608320
524974786460778497
500293392060780546
553502446769942528
553541988490825728
552791159232540673
500361847070269441
