524922078638903296
524922499466022913
524922507380670464
524922729485848576
524923148576518144
524923293711998976
524923341359300608
524923462398513152
524923480173981696
524923610851729408
524923676484177920
524923678472286209
524924034124107776
524924225463668738
524924346411020288
524924619812511746
524924954287296512
524925033626738688
524925050739490816
524925124303396864
524925215235911680
524925553489760256
524925600318754816
524925730053181440
524925987239120897
524926184069808129
524926235030589440
524926279309860864
524926301678096384
524926445496197120
524926472432410625
524926643325132800
524926698165633024
524927281048080385
524927288077746176
524927356830760961
524927695633666049
524927789892653056
524928119955013632
524928297986433024
524928863714168832
524928878075457536
524929106987991040
524929497205055488
524929550493712384
524929559909916672
524929769469538305
524929796862918656
524929893759737856
524930293921107969
524930400272265216
524930499790131200
524930538009006081
524930575472136192
524930671220105216
524930851747164160
524931019745812480
524931083797004288
524931110279852032
524931324763992064
524931752725585921
524931830173421568
524931913426157568
524932056560963584
524932292406681601
524932327907270656
524932574909857792
524932635177795585
524932792925569024
524932935137628160
524933380929245184
524933399828369409
524933600433938432
524933657493250048
524934004152082432
524934142958788608
524934300459077632
524934381828603904
524934507892580352
524934648473079808
524934673760530432
524934827909210112
524934941914968064
524935023380545537
524935085863481344
524935216134369281
524935246647926784
524935345998422016
524935485370929152
524935586025861121
524935633463037953
524935731148775424
524935758143324160
524935769614331904
524935791794221057
524935816603107328
524935906596499456
524935943925796866
524936137589411840
524936365427806208
524936592159698944
524936793633083394
524936872666353664
524936966492942336
524937204552843268
524937330923417600
524937421180653568
524937542131793920
524937560276344832
524937574281121793
524937594090844160
524937597206790144
524937675115999232
524937968138878976
524938107142283264
524938162900967424
524938282732642305
524938433262006272
524938857180303360
524939327399559170
524939347699585025
524939378552864768
524939818347028480
524939821815721984
524940014065811456
524940030109036544
524940077978640384
524940659778920448
524940716733370374
524940940721418240
524941041301225472
524941119403335681
524941124893700096
524941132237910016
524941318389501953
524941504796962816
524941529928839168
524941720249978880
524941727753568257
524942149973188608
524942353355005952
524942470472548352
524942548066791424
524942946765131776
524943012602716160
524943063937208320
524943114885427203
524943132409212928
524943226948820992
524943504192311296
524943615437848576
524943658748219392
524943721302089728
524943812339437569
524943886553468929
524944006577668096
524944399890124801
524944544681705472
524944569528750080
524944610985263104
524944637489086464
524944788525973505
524944881941495809
524945095322513408
524945170777645059
524945197705461763
524945665827545089
524945676443340800
524945684966166528
524945814796644352
524945879455653889
524946179390701568
524946336190586880
524946461621235712
524946609453678593
524946753154727936
524946808271671297
524946921547628545
524947030616313856
524947071770435585
524947149134774272
524947196131966976
524947414050816000
524947416869388288
524947424482435073
524947475858472960
524947502903345153
524947674164760577
524947716393414656
524947744809418752
524947867975561216
524947870735429632
524947964620701696
524947971679744000
524948206023880704
524948264148160513
524948264886759424
524948268355051520
524948554344054785
524948703850029056
524948710812581888
524948790227517440
524948866773184512
524948941956448257
524949021744713728
524949026064850944
524949069945634816
524949073154301952
524949136173694976
524949243883425793
524949306101743616
524949339131904000
524949435886096385
524949439367380993
524949443607412737
524949526487265280
524949628689461249
524949733983657984
524949828711620608
524949837729787905
524949884143927296
524949887591653376
524949897221795840
524950159160250368
524950264303075328
524950321064607744
524950339074523137
524950395110842369
524950404283772930
524950455743291392
524950507023245313
524950584349454337
524950679274942464
524950887119482882
524950899899113473
524951314556796929
524951419175309312
524951585231994880
524951625556066304
524951696376487936
524951711941922818
524951893467234304
524951948337098752
524952005157347328
524952154482946048
524952322703900672
524952341561491459
524952437137092608
524952808110694400
524952883343925249
524952995034042368
524953017389707264
524953077456318464
524953110285152256
524953391634866176
524953569762766848
524953604717686784
524953840127574016
524953918166794240
524954028287877121
524954105471840256
524954262657581057
524954313337364480
524954586696933377
524954623145431041
524954630279925760
524954661703680000
524954833648771072
524955062486196224
524955102554361856
524955159840182272
524955170200121344
524955304199352320
524955385480753153
524955557686284288
524955620538343426
524955850591334403
524955871689052160
524956129017995264
524956168754843648
524956294395224064
524956372199555072
524956383318650880
524956648151191553
524957429889777665
524957517294886912
524957554829717504
524957647653863424
524957752138149888
524957773810135040
524957925157384192
524957974226550784
524958128392376320
524958173245870080
524958227768020992
524958238316298240
524958383468978176
524958384060366849
524958409381384192
524958516822671360
524958599433691136
524958743000125440
524959027516932096
524959332656349187
524959390332239872
524959630158725120
524959778125385728
524959809402331137
524959836778536961
524960245509287936
524960247518330881
524960277348233216
524960814944747520
524961016904294400
524961055211286528
524961070465945600
524961362448240642
524961408740380672
524961561677680640
524961589406216192
524961659685588995
524961721744900097
524961908903149568
524962072262881280
524962142563610625
524962199543230464
524962748237889536
524963649455407105
524963878904823808
524964223185850368
524964279456653312
524964457936863232
524964564018790400
524964630221705216
524964929083023360
524964948683005952
524964989975937024
524965077318107137
524965165759221760
524965242213007360
524965406377664512
524965723672961024
524965775036387329
524965786059026432
524966392702189569
524966565788520448
524966572277129216
524966582544781313
524966596897685504
524966770428243968
524966904885428226
524966946467749888
524967231902318592
524967298604359684
524967376719466496
524967510563889152
524967620588896256
524967631171117056
524967711492014080
524967727266398209
524967811081195520
524968205690089472
524968330172850177
524968337747767298
524968466559033345
524969137660231680
524969144832491520
524969201102901248
524969483317026816
524969501704855552
524969679790817280
524969878823137280
524969963850051584
524970097711267841
524970444156571648
524970488590651395
524970731202166784
524970851675176960
524970966842376192
524971124845985792
524971165056782337
524971258996588544
524971492820647936
524972166006464512
524972277406773248
524972443308683264
524973223356940288
524973444946202624
524973811092193280
524973920722878464
524974106308251648
524974318087061504
524974456851410944
524974566830247936
524974779540197376
524974786460778497
524974885362479104
524974975623892992
524975031059632128
524975093966209025
524975142641086465
524975552638504960
524975642379816960
524975705206304769
524975847846203393
524976486902951936
524976526891417600
524976773671292928
524976929703997441
524976963862429697
524976980799000578
524977321430630400
524977651476623360
524977669902172160
524977812852461568
524977992683237376
524978172110987264
524978196589334529
524978526974668800
524978855531253760
524978912145985536
524979070288019456
524979133366165504
524979179235069952
524979548195024898
524979668282519552
524979702940045313
524979946218061824
524980219749597185
524980504324358144
524980579956449281
524980744658382848
524981223291383809
524981427260366848
524981436252950528
524981463033581568
524981513637888000
524981557770350592
524981565462704129
524981689781870593
524981890567385088
524981945131102211
524982066564567040
524982531075371008
524982608716120065
524982699220803586
524982954880413696
524983050187579393
524983146266505216
524983236712476672
524983325275197440
524983366261936130
524983395026497536
524983403775799297
524983581983375360
524983599851130880
524983828000276480
524984773211860994
524985092343889920
524985325190656000
524985687704338432
524986649315667968
524986820850106370
524987107081977856
524987150413336576
524987184836005889
524987432656453632
524987851046658048
524987990524047361
524988027425554432
524988712367955970
524989654995849216
524990163446140928
524990180034609152
524990519777443840
524991067675189250
524991119164473344
524991576163250176
524991832451981312
524991844292521984
524993009440403456
524993166651318273
524993523746373633
524993533212897281
524994218964815873
524994747883323392
524994965366382593
524995771587108864
524995942995746819
524996383120818176
524996756220956672
524997030536830976
524998110268096513
524998881676107776
524998906799988736
524999488067633152
525001895631654912
525002243100401664
525002842021445632
525003253185277952
525003468659228672
525005886272843776
525006356731166720
525006847095615489
525006853626159105
525007169956347904
525007664544493569
525008463819464704
525008613392515073
525009850104037376
525010084003213312
525010245811466240
525011494896148480
525011747007377408
525012247249428482
525012689568161792
525012912562536448
525013278343581696
525016728091500545
525016983646244865
525017500061536258
525018288330272768
525018799347875841
525019265888702464
525019469983531008
525019752507658240
525019992337551360
525020326816927744
525020620636307456
525020733622464512
525021050627973120
525021083892994049
525021103559696384
525021132022628353
525021358879936512
525021697003782145
525022663102963712
525022700923019264
525023025792835585
525023057526947840
525023610243928064
525023642007371776
525023858831523841
525023912221212672
525024066152169473
525024181218725888
525024518713397249
525025279803424768
525025329916948481
525025463648137216
525025552634494976
525025695425380352
525025806079504385
525026031833718785
525026219100995584
525026592788348929
525026715123601408
525026947307700225
525027116287811584
525027317551079424
525027539845410816
525027651908800512
525027873867198465
525027958835408896
525028171549523971
525028522361114625
525028734991343617
525029016001318913
525029232691650561
525029433632366592
525029913230053377
525029954908860417
525030117014507523
525030165190303744
525030416261337089
525030696738652160
525030963781595136
525031558949134336
525031610136014848
525032520124207104
525032872647065600
525033278555033601
525033357722550272
525033443076628480
525033625788907520
525033697045925888
525033778637721600
525034457086959616
525034687245582337
525035552643751936
525035564014526464
525035832336736257
525036180379676673
525036214286815232
525036240848945152
525036393983381504
525036457732231169
525037540508594176
525037656820826112
525038096086499328
525038517844709376
525039002307424256
525039242771464193
525039686931075072
525039876366798849
525040097272819712
525040408653754368
525040492388823041
525040545870385153
525040767317082113
525041091507388416
525042177643016192
525044004287971329
525044262648676353
525044678765187072
525044725926330368
525045145079533568
525045203648790528
525045709402148864
525046432085327872
525046443103354880
525046462460477440
525047079325155329
525047104239333377
525047349757100034
525047767325220865
525048557569454080
525048987649576960
525049044201377793
525049639016615937
525049831312875521
525050193360613376
525050632211021825
525051210349289472
525051365195014144
525052223030845440
525052332116312064
525052526593601537
525053517531062272
525055052801515521
525055879545380864
525055967076290560
525056022046851074
525056576038518785
525057025785356288
525057374965739520
525057606151602176
525058578365698048
525058633730891776
525058825909731328
525058976376193024
525059348574130176
525059810312847360
525060425184858112
525061787860103169
525062013551001600
525062993898635264
525065123917221888
525065430713790465
525066876058361856
525067386849091584
525067419635576834
525067500447612929
525068915068923904
525069189447704576
525069912679923712
525070811439579138
525070933556350977
525071376084791297
525071638464049152
525072912957452289
544266241511133186
544267656597995521
544268186292867072
544268637134393344
544268732046913536
544268900351766528
544269221564137472
544269749405097984
544269997745242112
544270745744846848
544271069146656768
544271185903484929
544271284796784640
544271362022338560
544271743331078144
544271815007145984
544271815044894720
544272134764122112
544272155144646656
544272537341812736
544272561266503681
544272701108797440
544273050188148736
544273220128739329
544273256174198785
544273427075710976
544273459199893505
544273563872538624
544273885437652992
544273888725577729
544274364288364544
544274544174071809
544274585697280000
544274757689307136
544274879055675392
544274934835707905
544275138712469504
544275597464444929
544275733607366656
544276027644850176
544276998017646593
544277113683980288
544277117039837184
544277336422486016
544277516773380097
544277526248304640
544277650714677249
544277728930062336
544277817987330049
544277852968210432
544277860555710464
544278335455776769
544278913883447298
544278985249550337
544279103864860674
544279262547935232
544279603259248640
544279776765431809
544279945128591360
544279950929321984
544280077778055168
544280217104031744
544280397472088064
544280399044960256
544280516821024769
544280650455728129
544280707800264704
544280765111218176
544280873806610433
544280923923959808
544280929154637825
544281014768795649
544281235271745537
544281589749137408
544281591833317377
544281689233850370
544282005941530624
544282015487787008
544282127404388353
544282227035869184
544282250503012352
544282355989753857
544282449388519424
544282714237448192
544282877278814208
544283374911627264
544283387087691776
544283745939767296
544283772569788416
544284078330376192
544284455909998592
544284483453595648
544284526684286976
544284577318318080
544284823041212416
544284859628523521
544284957766463488
544285194815942657
544285213891629056
544285245600989184
544285296565948416
544285508441231361
544285712653500419
544285819108741120
544286172109758464
544286537299787777
544286686142685184
544286724831318017
544287083343671296
544287165912735744
544287203728556032
544287209730236416
544287252306997249
544287425380360193
544287499397242880
544287796719288321
544287815790755840
544287902079803392
544287922166726657
544287991959539713
544288009747566592
544288135564107776
544288302254137345
544288661253398528
544288681021145090
544288773023203328
544288799711592448
544289311504355328
544289409294553088
544289448150986752
544289880805605376
544289941996326912
544290258951892992
544290611856408576
544290646010261504
544290752533393408
544290780991725568
544290967369428992
544290995462889472
544291619084959744
544291804057960448
544291829290508289
544291965513134080
544292129972170752
544292146342531072
544292670336925696
544292798887784449
544292910578278400
544293021995393024
544293177596067840
544293261506928640
544293694166536192
544293739221368832
544293753130082305
544293770926120960
544293783702364162
544294274674593792
544294402366394369
544294639805923328
544294692456628224
544294794139533313
544294893146091520
544295960449265664
544296007589433344
544296096244441089
544296158206894081
544296373466562560
544296465619619840
544296671950020609
544296772592336896
544296985910861824
544297247567917056
544297696308518912
544297827258888192
544297950134816768
544298121379852289
544298334354411521
544298346345947136
544298354029506560
544298376851111936
544298959993200640
544299273664593920
544299439087550464
544300088747884544
544300178443100160
544300256981430272
544300361360498688
544300369765859328
544300674448887809
544300945820352512
544301012492632064
544301025079730176
544301149348982784
544301235596054528
544301296099270656
544301449845305344
544301453717041152
544301455952588801
544301589931241472
544301624814870530
544301786849640448
544301900682629121
544301925735202816
544301961638457344
544302448522035202
544302821450207233
544302827330224128
544302851158470657
544302938374426624
544304200423723008
544304298243653632
544304742743044096
544305463048015872
544305540286148609
544305673287524353
544305745416581120
544305913260433408
544305999994421249
544306402731507712
544306591235710976
544306719686656000
544306732475105283
544307028815253504
544307040932601857
544307161589772290
544307417677189121
544307547390607361
544307776135364608
544307871853592576
544308156625481728
544308531684335617
544308793623207936
544308888628387840
544309006500888576
544309060883845120
544309113694740480
544309177859203073
544309275141885952
544309283048144897
544309497041133568
544310222547087361
544310853613281281
544311814649942016
544312876245057536
544313043463987201
544313132865159169
544313370892324864
544314234541469696
544315187608973312
544315472075042818
544315864397258752
544316046379716608
544316384273248256
544316500002484226
544316576645017600
544316684736028673
544316814856306688
544316904861478912
544317165965303808
544317301064208384
544317438079139841
544317474498703360
544317609718865920
544317709396496384
544318036715782144
544318880001560576
544319274072817664
544319450569134081
544319832486064128
544320179560525824
544320939245043712
544320992361721856
544321103875694593
544321934410788865
544323086841954304
544323127522906112
544323450270392322
544323933634564098
544324444773433348
544324741239037952
544325779199258626
544325896661114881
544326597055369216
544326741674967042
544326782334558208
544327577406410752
544328324601114625
544328673097039873
544328894812549121
544329204314406912
544329251487756288
544329393737170944
544329935943237632
544330174351679489
544330861680664576
544331094523662337
544332254068350978
544332510440595456
544332613532811264
544333020023754752
544333172180537344
544333764814323713
544334431830286336
544334477011349505
544334554631536640
544334623023452160
544334939374641152
544335202923737089
544336408144781313
544336432609775618
544336537870434304
544336736948473856
544337283801829376
544337383215226880
544337689676636161
544337761600557056
544337816298070017
544338575240609792
544338698750664704
544338731210399744
544339368823894019
544340091615715329
544340578528272385
544340812448804864
544340943965409281
544341124614459393
544341194822520832
544341406094213121
544342204576038912
544343367279456256
544343410849886209
544343625069379584
544345465311879170
544346261365600257
544346359948910592
544347292493705216
544348392944463872
544349042952916993
544350087020019712
544350480780914688
544350565283532800
544350567183556608
544350712365207552
544350985142173697
544351015936331777
544351133120987136
544351356824604673
544351486956670976
544351885298130945
544351967829839873
544351969658564608
544352188210745344
544352727971954690
544352874969698305
544353303468199936
544353502689251329
544353793270243328
544353918315397121
544354175900196864
544354657385316352
544355197435142145
544355218251452416
544355417900716032
544355845489065984
544355924224532481
544355987608444929
544356122082410496
544356579098001408
544356724871036928
544356997718900736
544357264333615104
544357487911395329
544357563534680064
544358533819420672
544358564484378624
544358920869789696
544359422726664192
544359578612559872
544360342995099648
544360928603799552
544361266718846977
544361776020586496
544362279006113792
544362543997665280
544363222296297473
544363471660277760
544364000897945600
544365130138808321
544365585417527296
544366036498542592
544366723067957249
544366824997912576
544366894107480064
544366934154678272
544367253857525761
544367462012432384
544367862211952641
544369501857263616
544369667096477696
544370712639590400
544371668131393537
544372177965834240
544372222400671744
544372257674788864
544372384690872321
544372465078505472
544372545219489792
544372701285351424
544373504419069952
544373515067998208
544373593841623040
544373676842311681
544373694068686848
544373839548145664
544374018661687296
544374313848430592
544374395540881408
544374422056882176
544374511194632192
544374563539140608
544374871812472832
544376300417585152
544376469279875072
544376732649013248
544377046030635008
544377326122057728
544377463581581314
544377502563459072
544377700677615616
544377870554898432
544378468931076097
544378515378814977
544378769952505856
544379366474403840
544379489263042561
544379738240720896
544379787246981122
544380433014591488
544380742076088320
544380899639689216
544380980677857280
544381144620216320
544381485591982083
544381860214603776
544382249178001408
544382795099799553
544382892378714113
544383022876065792
544383230091464704
544383383095508992
544383649131806722
544384041391517697
544384255825289216
544384349395628033
544384394337611776
544384498947719169
544384662765068288
544384825332101120
544384839906906113
544385086955589632
544385535909715968
544385641975676929
544385829180035072
544386515171020801
544387886611570688
544387967037763584
544388013141143552
544388259359387648
544388329094270976
544388658334146561
544389259491172353
544389493273276416
544389893120856064
544389986809036800
544390017930383360
544390130682068993
544390903839088640
544391085150457856
544391176137089024
544391323214573568
544391533240516608
544391789789331456
544391790615605249
544392718601183232
544392801836728321
544393889113600000
544394005182963712
544394858405060608
544395562666037248
544395613043818496
544395712130449408
544396260740845568
544396563116589056
544396587192311808
544396608704901120
544398512931086336
544399927045283840
544400775775289344
544400853298184194
544401029211496449
544401106617786370
544401374675341312
544401573968097280
544401599414943744
544401675789033473
544402012570284032
544402024524038144
544402515085623296
544402785966772224
544403564077260800
544403765575839744
544403913076924417
544404673357021184
544405761925738496
544405871703240704
544406212461473792
544406665223999488
544406902990323712
544406931897479168
544407139205132288
544407157077467136
544407300329709568
544408293192368128
544408496918499329
544409400941625344
544409432600223744
544409517224898560
544409519380758528
544409869990633473
544410050572582912
544410079043551232
544410576894427136
544410895602839552
544411097797644288
544411313779126272
544412083714928640
544412767240085504
544414430025371649
544414634308939776
544414686935285760
544415616753745920
544415816851021824
544416436374892544
544417650680823808
544419008615702528
544419029905985536
544419416578850818
544419788739461121
544420067774316544
544420349052342272
544420375224791040
544420432099545089
544420963429797889
544421245698056194
544421653128556544
544422134127525888
544422678119981056
544423787949600768
544423869981802496
544424775939293184
544425494763302913
544425928290750464
544426421331169280
544426670095368192
544427133398175744
544427216516698113
544427333969805312
544427461136502784
544427543336464384
544427938372792321
544428082749132800
544428261602623488
544428421745741824
544428943080951808
544429350376861696
544429942323167233
544430771688439808
544431559320014848
544432661419155456
544433739539812353
544434195469045761
544434450918932480
544434475807936512
544434964985421824
544435176479027200
544436172999495680
544436279442546688
544436330856329216
544436666661085184
544436750097973250
544437156505067520
544438309267578880
544439521236893696
544440749387808768
544442676410867712
544443027570556928
544443154964152320
544443739800731648
544444021066563584
544444261027299328
544444409769512960
544444539092488192
544445364322197504
544445607717261314
544446282559799296
544446828654366720
544447757860483072
544448991518130176
544449039433883650
544450135988899840
544450580367024128
544450710926934017
544451052679204864
544451181754744832
544452087468150784
544452299641192448
544453251068743681
544454229960974336
544455370476109824
544455530756841474
544456216907636736
544457877688430593
544458427263512576
544458458527834112
544458558432350208
544459137674125312
544459333983948800
544459726948286464
544459882075017216
544460097146331136
544461661055098881
544462330105712640
544462438310375425
544462911729455104
544462912644214785
544463189447294976
544463201875025921
544464695646617600
544464731449196544
544464812621578243
544465040666288129
544465862942797825
544465934149513216
544466903364673536
544466920880492544
544467299218886656
544467710923395073
544468178961592321
544469470568148992
544469609433563136
544470979842281472
544471218951581696
544472595140063232
544472800379940864
544473507594113024
544474153646956547
544475686740967424
544475905926524928
544476808566276097
544477048048082945
544477802255630336
544477834396577793
544478625383608320
544478708741201920
544480083982168064
544480905532669952
544482233038286848
544482664515121153
544483003758419969
544483282352889857
544483404528775168
544486142763347969
544487291465392128
544487579048222721
544488899100147713
544489340584222720
544489539348471808
544490782183657474
544491151118860289
544491160803106816
544491410439667713
544492053900836864
544492209861836800
544492372088717312
544492454016475137
544492614838673408
544492843499540480
544492984880754688
544493466836017154
544493536771854336
544494058287423489
544494408515608576
544495066258362368
544495155198181376
544495167836016640
544495359800930304
544495737770618880
544496062321664001
544496262629036032
544497137221136384
544497405237161984
544499780479893504
544499892010635264
544500527720325120
544500883963518976
544501464849059840
544502782267752449
544503037973528577
544503217107648513
544503881527742464
544504183341064192
544504859290906624
544504954334224384
544505129810944001
544505447911149569
544506347438735361
544506443626741762
544506628239028224
544506678922977280
544508035113439232
544508411178536960
544508479675711489
544508543152304128
544508666724876288
544508725420380160
544508900595499009
544508995361202176
544509086998749186
544509140911919104
544509652390924290
544510219401703425
544510345289924608
544510402454110208
544510450101415936
544510453201006592
544510784366080000
544510827433558016
544511112654618624
544511130249744384
544511151900753921
544511199702822913
544511263788003329
544511300630753280
544511391349354496
544511434840113152
544511489869373440
544511558173601792
544511560249790464
544511676088066048
544511693204647936
544511736465072128
544511773223968768
544511783940403201
544511811404705792
544511865729323009
544511915158810624
544512064694546432
544512108885725184
544512187171995649
544512398628241408
544512514651066368
544512664769396736
544512676643500033
544512691948498944
544512867144192000
544512910538838016
544513035118075904
544513072006967297
544513199375384576
544513292576641025
544513339544838147
544513407400304640
544513517706305536
544513524438155264
544513557912879105
544514127197388801
544514207933542401
544514474963922944
544514538797035520
544514564407427072
544514569339953154
544514570367168512
544514645571420160
544514883484520448
544515072203444224
544515097625108480
544515446100090881
544515489016594432
544515538383564801
544515546633355264
544515584931528704
544515665319976960
544515671347200001
544515850963648512
544515999161393152
544516079129993216
544516101556961280
544516142983684097
544516164333080577
544516240572940289
544516381031792642
544516427827249153
544516514519343104
544516530160300032
544517264054423552
544517264725516288
544517440332627968
544517500118249472
544517624114081793
544518033902149632
544518036255150080
544518044643770368
544518128798294016
544518335019229184
544518337498058753
544518590104621058
544518647881170945
544518696463765505
544518803225604096
544518841020473345
544518859290464256
544519166582337536
544519245087121408
544519284740079616
544519298015039489
544519486167330817
544519486498676736
544519594438696961
544519635916169218
544519694401941504
544519788752818176
544519849507307520
544520042810200064
544520121436213248
544520273718812672
544520434767503361
544520586576547840
544520615441756162
544520795511611392
544520802339917824
544520932405284864
544520990538358784
544521141335764992
544521166543548416
544521260840267776
552783238415265792
552783667052167168
552783745565347840
552784168849907712
552784526955806720
552784600502915072
552784882687299584
552784898743099392
552785367972450304
552785375161499649
552785443813457921
552785551930454016
552785695845396480
552786016906383360
552786099899494400
552786116404072448
552786299875520512
552786340958715904
552786361758265344
552786818853113857
552787144373460992
552787231468191744
552787321561812992
552787361437057024
552787544837197824
552787599031828480
552787878351474688
552787914271510529
552788396733906944
552788886355996672
552788945017516032
552788947219533824
552789127792717826
552789521646247936
552790074166108160
552790371848040449
552790742700417024
552790824971677696
552790838015979520
552790875492073472
552790878805168129
552791034447794176
552791065645027328
552791115599192064
552791159232540673
552791182670327808
552791196247269378
552791203432103937
552791332935434242
552791578893619200
552791678881660928
552792131447037952
552792193992519680
552792271243210754
552792544132997121
552792802309181440
552792913910833152
552792988376915969
552793539856588801
552793551231541249
552793552376569857
552793679082311680
552794157484634112
552794942759010304
552795050502270976
552795566242279424
552795585095671808
552795693682032640
552795773180858368
552796091255894016
552796269069209600
552796506642591744
552796522904297472
552796863297236992
552797406094716929
552797638807281664
552797729504886784
552797828977029120
552798310889566209
552798654495354880
552798891994009601
552799062421164032
552799317602615297
552799591255384065
552799640488517632
552799669521481728
552800045096259584
552801028262096896
552801115516186625
552801438821515264
552801829290270720
552801880812691456
552801894092275712
552801954733490176
552801958428700672
552801979861598208
552802117908697088
552802128688078848
552802531672588288
552802606696136705
552802654641225728
552802714816905216
552803431702749184
552803757864787968
552803792618799106
552803839490150400
552804175310901248
552804394727927808
552804408233193473
552804491821854720
552804763461775360
552804784819154944
552804810463117312
552804839886184448
552804962158514176
552805050620604418
552805069956329472
552805175874686977
552805267990413312
552805450350362625
552805488631758849
552805596198871040
552805619301097472
552805735885991936
552805799106732032
552805853762699264
552805956619628544
552806056154644480
552806077755326464
552806117328568321
552806309540528128
552806610490646528
552806757672964097
552806932176977920
552806937470201856
552807013764575232
552807027781947393
552807101442322432
552807191775043585
552807210041212928
552807236339507200
552807528070131712
552807536894947329
552807598966059008
552807658869493760
552807783385800705
552807832257835008
552807834434699264
552807904597008385
552808071387701248
552808135006887937
552808282398924800
552808487924011008
552808620187217920
552808658510561280
552808701065953280
552808776492130304
552808904137408512
552809042687819776
552809336360419329
552809418417790976
552810124776308736
552810138114195456
552810166744547328
552810249263259649
552810448324943872
552810477940932609
552810625873633280
552810804186460161
552810855503757313
552811319079227393
552811386259386370
552811408094945280
552811438994378754
552811735183552512
552811772038881280
552812140479148032
552812572731527168
552812623658762240
552812682626465792
552812811651272705
552812847651377153
552812984343330816
552813160110252032
552813420136128513
552813461953323008
552813494345940992
552813549291315200
552813590919778304
552813988644659200
552814213081866240
552814216550563840
552814317096407040
552814460193476609
552814494381256704
552814766369284097
552814767417876480
552814770542628865
552814845016694786
552814916567322624
552814978823385088
552814983797821440
552815017402589184
552815182708494336
552815274848964608
552815293349650433
552815387759616000
552815540721291265
552815575672836096
552815712432316417
552816020403269632
552816062593761280
552816302780579840
552816497740251136
552816539175763969
552816561514635264
552816590463315968
552816600995614721
552816686752358401
552816689386373121
552816883012239360
552816932643405824
552817101057318913
552817151112142848
552817205982019584
552817293969739778
552817345887207425
552817490263572480
552817675408523264
552817711617552385
552817759684665345
552817769604198400
552817783910961152
552817785949396992
552817965813739520
552818799095730176
552818821460148226
552819064301961216
552819155859431424
552819208212717568
552819350504493057
552819983915700224
552820384039706624
552820533507944448
552820736490889216
552820842544246784
552821069036670976
552821223676444672
552821287933202435
552821475066281984
552821570423771136
552821659103940608
552821810224304128
552821862850637825
552821977061556225
552822043490938881
552822076676255744
552822314157768704
552822434639126528
552822450824962048
552822544341139458
552822604206460928
552822696195932161
552822696200142850
552822739388882944
552822783311630336
552822812281692160
552822873773993984
552822944603582464
552823014866563072
552823029680852992
552823108537954306
552823301899575296
552823933381394432
552823940440403968
552823949311369216
552824126659104771
552824383816073216
552824456557887488
552824462958395392
552824742097719296
552824769754976257
552825083941879808
552825211654246401
552825473160736768
552825664307744769
552825753264717824
552825844755083265
552826150141960192
552826238407294977
552826581916594178
552826724774592512
552826992509599744
552827008800280576
552827123963281408
552827164677373952
552827349667176448
552827553493565441
552827606715076608
552827981069291520
552828280806850561
552828400843620353
552828474814398464
552828573896413185
552828658747187201
552829046485434368
552829096816693248
552829176018112513
552829306439598080
552829386773516290
552829481962835969
552829580579323904
552829637215408128
552829971631472640
552830151650967552
552830433688571904
552830599002857472
552830668607348736
552830684021424128
552830850279424001
552830864187727876
552830966411321344
552831101312303104
552831230735962113
552831506041683970
552831515940634624
552831624283693056
552831705351225344
552831881847533568
552831974784905216
552831978522021890
552832019940376576
552832142397296641
552832169496694786
552832232197746688
552832584045330432
552832721945628672
552832784046108672
552832817089236992
552833028201144320
552833148128862208
552833236389199874
552833268362772481
552833393734721537
552833483325059072
552833527444566016
552833658017824768
552833681111658496
552833795142209536
552833941930274816
552834229722038273
552834411553886209
552834445301256192
552834461478715392
552834558706847745
552834623944671232
552834640692912128
552834732325879809
552834754056556544
552834808121163776
552834842837409793
552834961762709505
552834996265054208
552835288725061635
552835301547442176
552835988540895232
552836167029514240
552836444835037184
552836586191474689
552836695754678273
552836775191019520
552836829234614272
552836844560609281
552836968410021888
552836975741632514
552837078854410241
552837086425128961
552837132491186179
552837147305455616
552837484221300736
552837610897694720
552837644959621120
552838074636718080
552838171323817984
552838324977545216
552838440103198720
552838551071911936
552838559393013760
552838568717344769
552838710296080384
552839167575883776
552839270395035649
552839385209917440
552839416620658688
552839800433410049
552839843999645697
552839972911611904
552840037642297345
552840067199533057
552840740007866368
552840805678084096
552841006799159296
552841043423805440
552841049467400192
552841157785694208
552841460681572352
552841477819473920
552841562963464195
552841684485414914
552842580929826816
552842642216988672
552842762505428992
552842837516386304
552842983247466497
552843136238899200
552843285468020736
552843349246619648
552844104418091008
552844167681159169
552844593046097920
552845028130037760
552845136414380032
552845191003250688
552845250268766209
552845255796461569
552845393541988352
552845542536261634
552845671477153793
552845711289909248
552845840247971842
552846337746952194
552846353416867841
552846544320618496
552846625467817984
552846811359350788
552846886626164736
552846893588709376
552846938677059586
552847218403581953
552847427410341890
552847627319259137
552847905498103808
552848426812313600
552848620375261184
552848653980033025
552848701312737280
552848704819183616
552849116280393728
552849157694947328
552849316021551105
552849515271958528
552849662991151104
552849797892542464
552850022271033344
552850379453366272
552850514132873217
552850533523136513
552850725467082752
552851305023414272
552851421155299328
552851629624803328
552851679905734657
552851838928953344
552851847581413377
552978099357237248
552978184413921281
552978225010184193
552978225094078464
552978376424964097
552978385572732928
552978476605923328
552978586559188992
552979275776032768
552979279039197186
552979420227842048
552980261512949760
552980288394231809
552980557836337152
552980714610634753
552980760500916225
552981296839131136
552981833189969921
552982124274647042
552982263907241984
552982443511144448
552982560146726912
552982613288157184
552982669840355329
552982813671043072
552983615747796994
552983966932688897
552984231748829184
552984347754897409
552984502063337472
552984511051751425
552984798671945728
552984916070531072
552985611070881792
552985855854661633
552985912901001218
552985973445783552
552986187364065281
552991544731774976
552993818816299008
552996335319007233
553017543330648064
553096753898323968
553096978788515840
553097004138913792
553098571323437056
553098796108750848
553098799380717568
553099479381848064
553099685888790528
553099800951136256
553100203239428097
553100922268942336
553101388926840832
553101451271352320
553101858013581313
553102828743716864
553102901619748864
553103334626701312
553103772852191233
553104503520890880
553104539898089472
553105121526427649
553105208008773632
553105460887572480
553105493255000065
553106714682462209
553106869615472640
553107921081749504
553108153915944961
553108242856177664
553108804934856704
553109813807575040
553110339236409346
553111157738057728
553111553235361792
553111820786204672
553113509152952321
553113536625664000
553114158989074432
553114307383541761
553115168084074497
553115176057065473
553115236992290816
553115341338198016
553115926531674112
553116915325870083
553117857609809920
553118198741356544
553118212813246464
553118384540643328
553118438332571648
553119235904643072
553120849231089664
553121732387946496
553122276913471488
553122359398260736
553123329561743361
553124268196642816
553124985137815552
553124985900785666
553126044375732224
553126072905383936
553126492579053568
553126953268834304
553127086706397185
553127274829328385
553127508150071297
553128245420257280
553128325217275905
553129378969047043
553129559173115904
553129811850559488
553130148107943937
553130475032563712
553131557892804609
553131791553667072
553133048611753984
553133340795363328
553133704881917952
553134790925619201
553135106609922049
553136565296582657
553136604882014208
553136845589319680
553136990787342336
553137476135432194
553137601457426433
553137713163943936
553137849663361024
553137946740932608
553138330557108224
553139203320860672
553139573019406336
553139825008599041
553140194606469121
553140613051215873
553141087725170688
553141732452626432
553141935482093568
553143017922912256
553143519536500738
553143905039159297
553143987377561600
553144384737525762
553144428584398850
553144712920834048
553144964168036352
553145034720030720
553145137086607360
553145236268916736
553145422097969152
553145603665186816
553145690424344576
553145736045801472
553145755079569408
553146494271094784
553146691344695297
553147120942084096
553147341470203906
553147368913506304
553148984509100032
553149163181838336
553149347777753088
553151132949053440
553151201253294080
553151328009351169
553151506556653568
553151670796820480
553151700950065152
553151804046082048
553151980928262144
553152215050125313
553152395371630592
553152448077258753
553153190859141120
553155988917075968
553156573607251968
553156988356820992
553157114156560385
553157352091025408
553157600225677312
553157744061325312
553157857215262721
553159290987364352
553159773555023872
553160652567498752
553160909208559616
553161401733496832
553161458931236864
553161476928978944
553162401940770816
553162459885096962
553162589744926720
553163190138580992
553163210715844608
553163862707818496
553164303650799616
553164381673259008
553164985460068352
553165231275663361
553165418639413248
553165824979386368
553166766977740801
553167429665587200
553167814941761538
553168792017457154
553169114102247424
553169307824177152
553169577228926976
553169622762262529
553170912129056770
553171877464920064
553171989385728000
553172148085620738
553172769819852800
553172900270727169
553173371043995648
553174247506706432
553174353735872512
553174536028303360
553174639158231041
553174713061892097
553174789561389056
553175336926449664
553175550231986177
553175714128990208
553176753297162240
553176929411825664
553176976698376192
553177082566836225
553177099843149824
553177321218514944
553177822312013825
553177833686589440
553180071775993857
553180236591169536
553180503969644544
553181500104269824
553181902543126529
553181997041217537
553183067670843392
553184482241814530
553184643055644674
553184958958022657
553185062829948928
553185370108878849
553185716218650624
553185825065009153
553185854165114882
553186026811039745
553186515359379457
553186555150749696
553187649943384064
553187683510812672
553188115033387008
553188214522249217
553188382403477505
553188974811185152
553189526177579008
553189840913989633
553190393370923008
553190655011205120
553190729447919616
553192366098898945
553192641328734208
553193210269298688
553193480319942656
553193866057506817
553194557316542465
553195808930410496
553195827397926912
553195852643442688
553196453938855937
553196571194851328
553196953480495105
553197863971610624
553198107278987264
553198268436344832
553198972287082497
553199320053592067
553199664720543744
553200085132009475
553200552142983168
553200573387124736
553200769671761920
553201539737976833
553201549997277185
553202028575731713
553203041705664513
553205115830951936
553205427253829632
553205691742425088
553206304396038145
553207267685060608
553207514222063618
553209341520535552
553209983845023745
553210080829906945
553210869010935808
553211397782654976
553212962044149761
553213740137467907
553214597055135744
553214726629781505
553214939838836736
553215305917665280
553215313807163392
553215362058440704
553215383256432640
553215658784456705
553215879979085829
553216451780554752
553216460164968449
553216909022605312
553218001181605889
553218083410952192
553218279557582849
553218281705066496
553218599390040065
553219047048105985
553219195056693249
553219651594125312
553219770053443585
553220369721483266
553221293298819074
553221600955621376
553222048924049408
553222727700865025
553223681409703937
553223992300285952
553224082213601280
553224215676354560
553224764924243969
553225359928213505
553225809444749313
553225828625297408
553226143307161600
553227220765130752
553227238829981698
553227288859664384
553227389061582848
553228535511650305
553228537084116993
553229626756329472
553229808260632578
553229956830875650
553230256992423936
553230614712033283
553231516290269184
553231667523883009
553232531827740672
553233728030650368
553234456522522624
553234578086055937
553235360722214912
553461741917863936
553465105028222976
553466230989144064
553466755411369985
553467311261503488
553468492700454912
553468593141469184
553469263650906112
553469523945590784
553469733656203264
553470140042735616
553470382129565696
553470492565602305
553470733180223489
553470907629707266
553470977972375553
553471193110421504
553471987411324929
553472225798795264
553472437644320769
553472488462901248
553473369539366912
553473416905629696
553473629854646272
553473704060284928
553474012446478336
553474188259102720
553474232596701184
553474514496278528
553474965278691330
553475269873643520
553475430897156096
553475729187680258
553475824369012736
553476073703620609
553476471470432256
553476490315431937
553476600985948160
553476880339599360
553477352542707712
553477554041257985
553477692591726592
553477943616634880
553478014785187840
553478142791548928
553478289474740224
553478677359775744
553479222434729984
553480082996879360
553480292498153472
553480333954678784
553480702067736578
553481076916883456
553483415954411520
553484365012148225
553484530804613120
553484760233017344
553484780093050880
553485452943302656
553485654030446592
553486439129038848
553486529231089664
553486796534054912
553487356733313024
553487544508493825
553487579077550082
553487625815064576
553487971497041920
553488054640340992
553488824656203776
553488850363101184
553489393202499584
553489837542899712
553490160344502273
553490238979727360
553490358748061696
553491540535156736
553491604917334016
553492417023057920
553493222052605952
553493510306152448
553493707472011264
553493785523400704
553495137314435072
553495922639122432
553496489641902080
553496697918468096
553499806883381249
553500238246608896
553501357156876290
553501773517033472
553502180666531840
553502311872733184
553502446769942528
553503184174710784
553503546382249984
553503846258196480
553503909692841984
553505242554175489
553505371290357761
553505858811080704
553506608203169792
553506946054369280
553506985413713920
553508098825261056
553509146730176513
553512735192141826
553513403512532992
553514329166061568
553514505633017856
553515054503821312
553515399438811136
553515827073261568
553516197283893248
553516364879904768
553517053110657024
553517713147301888
553518024272379905
553518053838061568
553518472798683136
553519375521951744
553521417598550016
553521697350234112
553523303453696001
553524086417424384
553525290908262400
553526283033133056
553526776878469121
553528503573184514
553528740618436610
553528788383191040
553529101659566080
553529196216344576
553529334892609536
553529789794250753
553529796601585664
553529935789559808
553529941938425857
553530524183326720
553530558614351873
553530667821457408
553531130163773440
553531316797718528
553531343834202112
553531413459660800
553531695480463360
553531781690163201
553531783992868864
553531802347122689
553531971457265664
553532452472238080
553532980871053312
553532980896231424
553533193899368448
553533499643547648
553534707108155392
553534768537939968
553534838880608256
553534934447824896
553535221828964352
553535227214438400
553535430788780032
553535441828605953
553535467065712640
553535468290453504
553535642848989184
553535765997969408
553535829017370625
553535829529100288
553535862911541248
553535971959275520
553536236493615104
553536269972942849
553536358950916096
553536397731442688
553536603998945280
553536887349325825
553537235463979008
553537322218553344
553537380209401856
553537537126694912
553537648938086403
553537740588220416
553537870431268864
553537939041701888
553538058440941568
553538483474534400
553538523266318336
553538939454509056
553539631149756416
553539778088816641
553540131756732416
553540381187780609
553540580912156672
553540617540624385
553540719714271233
553540739058376704
553540872986705920
553540934118694912
553541676229472256
553541776854634496
553541834975498240
553541988490825728
553542208214036480
553542235661553665
553542337553764352
553542442373619712
553542565593878528
553542628097019904
553542784800792577
553543032642220033
553543319423553537
553543369604210689
553544039241224194
553544252563935234
553544336475168769
553544419602104320
553544694765215745
553545384069328896
553545782050045952
553545857304629248
553545906155712512
553546029212389376
553546063752478722
553546292748898304
553546551709409280
553546679161745408
553546967281061888
553547270264979456
553547637832843264
553547659404148736
553547836517007360
553548567420628992
553549680538578944
553549686129561600
553550301886955520
553550448154910720
553551148280729602
553551225560764416
553551279620755458
553551286793416704
553551435762503681
553551598954491904
553551934251343872
553552293371871233
553552772277481472
553552825431883776
553553173743677440
553553202197827584
553553244845522945
553553288625672192
553553331671408641
553553724548059137
553553813542797312
553553966970044416
553554032745525249
553554351633858560
553554585634496512
553554835203956736
553555156391186432
553555293645590528
553555389611274240
553555593034596352
553555600911925249
553555705945288704
553555848794877952
553555979238129664
553556060569862145
553556643456507904
553556728651210753
553556844665659392
553556984273072128
553557308937363458
553557753558757376
553558108866637824
553558126147149825
553558131369062400
553558385048944640
553558513210105856
553558982476828674
553559793940447234
553559880599359488
553560219981459457
553560429910568960
553561169923829760
553561170637238272
553561452318322688
553561762466115584
553562348376850433
553562446456422402
553563668169125889
553563780928770048
553563889104093184
553566026030272512
553566829273423872
553566877956734976
553567184002502656
553567716414484481
553567850301231106
553569333150896129
553569512269021184
553570203678683136
553570370192949248
553570818031374336
553570914143854592
553571432475951105
553572111441465344
553572740125712385
553572754746638337
553573365798416385
553573432554979328
553573875528007680
553574345235103746
553574501964079104
553574650450825216
553574709669814272
553575232867672064
553575450329378816
553575803733426176
553575984054951936
553576010898497536
553576648973377537
553576849943826432
553578029751226369
553578243173781505
553579224402235393
553579715014172673
553579914717577216
553580499395174400
553580959661309952
553581227165642752
553581669710831617
553582011324329984
553582049282768897
553582301003931648
553582465734832128
553583035820802048
553583670343524352
553583809602801665
553583847850663936
553584292090359808
553584366803488770
553584868685520897
553585504093224962
553585530504749057
553585838056280064
553585840270876672
553586246883475456
553586305272389632
553586421626568704
553586510260629505
553586538928676864
553586781355278336
553586860334010368
553586897168392192
553586940856242178
553586959596396544
553586978017775616
553587013409325058
553587167394791424
553587225901154304
553587278564823041
553587303172833280
553587329626292224
553587352086384640
553587546614427649
553587672137334785
553587708367765504
553587735613952001
553587816048099328
553587861837328385
553587920398221313
553588012752568321
553588053348843520
553588080964558849
553588106587545600
553588178687655936
553588374280601600
553588494661337089
553588704913416192
553588760060125185
553588889084891136
553588913747808256
553588946039746560
553588993993232384
553589051044151296
553589055116836864
553589121776898048
553589285342175232
553589295525941248
553589330846183425
553589372084162560
553589606307090432
553589610014867456
553589657695715328
553589860892942337
553589880245481472
553589914684895232
553589970775343104
553590072373968897
553590459688570880
553590522800275456
553590529548886016
553590653784195072
553590721207615488
553590750701551616
553590835850514433
553590880352088064
553590881371320323
553590891852886019
553590961486696448
553591049541914624
553591055833382913
553591084409184256
553591259672379392
553591303582523392
553591411602640896
553591475830009857
553591494255210497
553591518619893760
553591653647138816
553591841996951553
553592023392202752
553592040374947840
580317556516483072
580317998147325952
580318020192571392
580318210609696769
580318669483413504
580318717860532224
580318938996740096
580319005703069696
580319078155468800
580319116302647297
580319184652890113
580319206400475136
580319458004193280
580319651399385088
580319856496644096
580319968484421633
580319999887347712
580320161082830848
580320242020290560
580320267777511425
580320329203093504
580320563891019776
580320612155060224
580320645906632704
580320684305416192
580320745974288384
580320825351471104
580320856561209344
580320856905269248
580320890086383616
580320893668364288
580320945740480512
580320964875014145
580321156508577792
580321169271877632
580321327845765120
580321350750990336
580321372703985664
580321844089212928
580321948070240256
580322026029654018
580322066374721537
580322332348190720
580322346508124160
580322349569994752
580322453928431617
580322653472493569
580322927679279105
580323060533764097
580323152103911424
580323165068509184
580323456996282369
580323498905702400
580323815261016064
580323877429112832
580324027715063808
580324338865430528
580324697415360512
580324721381740544
580325043705667586
580325090367315968
580325235653799936
580325458870460416
580325714567806976
580325799078793216
580326012749221890
580326045238333441
580326073776357376
580326111311171584
580326222107951104
580326398620934144
580326473803767808
580326744357515264
580326807704088576
580326871302316033
580326978546495488
580327058158551041
580327197921120256
580327336505176064
580327418084364288
580327611760545792
580327625626927104
580327692765151232
580327960638521344
580328132932022272
580328297462140928
580328302939889664
580329153553141760
580329219646988289
580329455173967872
580329875891974145
580329886532968448
580330302251393024
580330362070540288
580330369603366913
580330441854435328
580330454869512192
580330560331091968
580330591826128896
580330660537192448
580330721719508992
580330740086243328
580330986220687360
580331000573476865
580331071457333248
580331192316198912
580331561398108160
580331677899202560
580331843616133120
580332109782466561
580332232121933824
580332296336732160
580332312354693120
580332410853789696
580332485030125568
580332532694122497
580332832544976896
580333759125458944
580333763512705025
580333827425439745
580333881687195648
580333904126742528
580333906597167104
580333909008871424
580334199187644416
580334563932549120
580334678340558849
580334729678966784
580335102313500673
580335398683058176
580335545265627136
580335578069209091
580335608477982720
580336326634962944
580336341080260608
580336394184323072
580336528955691008
580336554406711297
580336568419921920
580336661206331392
580336772128870400
580336782782382081
580336849534648320
580337178506584064
580337292838981633
580337320508919808
580337327677026304
580337418550775808
580337583508570112
580337826279124992
580337873691533313
580338165824667649
580338189904285697
580338194731962368
580338392782757888
580339547269144576
580339793122447361
580339825649291264
580340024736116736
580340423044018176
580340476949086208
580341214098137089
580342519516512256
580342670511472640
580342917291708416
580343473607438336
580344006682505216
580346824269103105
580346992074842112
580347068457308160
580347290633838592
580347360959717376
580347646465949696
580347961256837120
580348081100734464
580348878370828288
580349159569539072
580349424058175489
580350000074457088
580350426278719488
580351083383517185
580351149619953664
580351367719591936
580351604831846400
580352273001410560
580352417541287936
580352455952732160
580352532167311362
580352540316946432
580353540725452800
580353986991112192
580355192908095488
580356429615337472
580357537083576321
580359057825009664
580359081296293888
580359405620858880
580359480782786560
580359809041604608
580360165540642816
580362104110071808
580364138020507649
580364236330762240
580364656608428032
580364973664309248
580365368805486592
580365806720122880
580366761398239232
580368417556992000
580369978546917376
580370249712697344
580370275121938432
580371776619839488
580371845997682688
580371847335821312
580372127125131264
580377478184755201
580377986941206528
580379486732066817
580380219921580032
580387098039046145
580388756043083777
580398796124876800
580697361799876608
580699430690656256
580699825030754304
580706841769820160
580882121222434816
580882302621843456
580882341880446977
580882417117958144
580882674413375488
580882701063979008
580883100533690368
580883510103281665
580883727624065024
580883793709547521
580883864521818112
580884417343815680
580884605097664512
580885624883904512
581047170637381632
581061237783556096
581061272856326145
581061914001821696
581062604988162048
581063145256538112
581063377226637312
581063730319925248
581063753837481984
581063816882065408
581063906682114048
581063928953876480
581063957684850688
581064144394285056
581107798932631552
581132461960249344
581153923987206146
581183387848859648
581247332282306561
581247335998431232
581248880098086912
581249720376553472
581252958446329857
581254429996920832
581257660118491136
581258923065389056
581259253429702656
581261457725210624
581262528107384832
581264214809022464
581274406804025344
581274572823130112
581286157151039488
581287108607811584
581287562947395584
581287795991302144
581288928646340608
581290271997968384
581293286268129280
581295422414680065
581295858898989056
581296960830881792
581299253743501312
581299354431987712
581300992194572288
581301262269829120
581301336085553152
581302544116379648
581303832895885312
581303989406314496
581307361857392642
581314363644121088
581315281630318593
581318271321931776
581325025569030145
581335535832039424
581359544682614784
581377529124130816
581386094337474560
581386155083620352
581387966125248512
581394092648710144
581404604677660673
581405344288608256
581409613913804800
581411131547320321
581437061363675136
581450117972144128
581460720900050945
581473088249958400
581479017770979329
581546828954411008
581550667753504768
