498248415223246848
498248648699150336
498250100079341568
498254340310966273
498254929942028288
498255816034893824
498256407980826625
498259432237969408
498259903962570752
498262106937237504
498264107460870144
498265095559184384
498268463639851008
498269289812856832
498272309535191041
498272364560257025
498274493337702401
498274692873351170
498274934553317376
498274948772024321
498277197581664256
498277231253127168
498277678706077696
498279420885360641
498280126254428160
498280730070622209
498283038338711552
498284302128668672
498284334806495233
498284429333524480
498285405142540289
498285529704976385
498286045843435521
498286281894682624
498287166909579264
498292200955195392
498292602861400064
498292628455034882
498293625420148736
498293668655423488
498294248488574976
498294367405477888
498294815579467777
498296205777326080
498298040881782785
498300128088694786
498300832648273920
498301902048997377
498302874531553280
498303288295817217
498305825341845504
498311895716470784
498314939359301632
498316475317239809
498317138554150912
498322865843109888
498325055726559232
498345343629541376
498349598197702656
498355319979143168
498356729634390016
498357910603575296
498430783699554305
498452664527511553
498463591767756800
498463733447163905
498472666802958336
498473263862149120
498473515302260736
498474035668586497
498477676219600896
498480344992350209
498480911243948034
498482619232055296
498483279943962625
498486539585069056
498486826269548545
498489114384420865
498489451954573312
498492003903356928
498494758814109696
498497395198799872
498498431271190528
498499795192143872
498499836900278272
498500813845966848
498504673339666432
498506343368519680
498507434693246977
498507730395484160
498508707244683264
498512372584415232
498515980205948928
498527404386578432
498556324868009984
498575704582148096
498585089828478977
498586725502173184
498602841335169024
498609222020780033
498616975850225664
499345023721537536
499346625760751616
499359735947087872
499360784666071040
499361506132508673
499361662743220224
499361679197884416
499361965035491329
499362348940144640
499362441697193985
499362480179912705
499362949166030848
499366666300846081
499366930457710592
499366977497214976
499368426931228672
499368533378498560
499368931367608320
499369948943495168
499377813758443520
499381843955707904
499383640267423744
499387698390790144
499387993879511041
499388398529175552
499394221984714752
499394946416529409
499397048878501888
499397804620386304
499403422278619136
499404849835175938
499405449951584256
499407248427188224
499408845127819265
499409455814287360
499410965075886080
499411840733282304
499412661176926209
499424290748780546
499427833102745600
499430225043009537
499432557906104320
499435341259223040
499438052688023552
499439571520991232
499439795618480128
499441454498852864
499444325646757888
499445575956578304
499446567229603841
499448210789007360
499456140044824576
499456913902284800
499463629251837952
499472596853743618
499481575059619840
499484255869612034
499494187969298432
499497872564703233
499504676250066945
499507509171060736
499511714438971392
499512318410375168
499519439206092800
499520839860367360
499524024012386304
499525020708634625
499527157023277056
499529014797557760
499530130487017472
499531968229683200
499532858399412224
499541439962185729
499553298668859392
499553513471741954
499560002341044224
499563566786433024
499565555645685760
499568802267672576
499571347375136768
499571799764770816
499574200596983808
499575076468305923
499576743967993856
499579650926858240
499579905508917248
499581469027618816
499583424114728961
499584511710351361
499584606878715905
499584618165567488
499585144416514048
499590048313262080
499590929611640832
499592320900431872
499596695705894912
499598154581303296
499598945417703424
499600140580044800
499601812005998592
499601956491374594
499602989133594624
499605248747786240
499606278910398464
499607500187250689
499610913112989696
499611069565112320
499611719090450432
499612195756728320
499612545909415938
499613731312005121
499615655906533376
499619724222038016
499620598994444288
499621957747224576
499622667142844416
499635302764662784
499638207987089408
499642374428307457
499642704687816706
499647059688173569
499647397278937088
499648409767538688
499648712596271107
499649754822103040
499649872534831104
499651830951841794
499655249398075392
499655869412286464
499657337548701696
499657584836874240
499658267493019651
499659628645720064
499660768908832771
499663992697417728
499665704300191745
499669445548449793
499671635067437056
499673142114013186
499674991294951424
499678305134448641
499679142766735362
499681614549377024
499682060793937921
499683602452717569
499687274326786049
499687644045918210
499689349420568577
499689757652566016
499689919929798657
499690351875981313
499690604302192640
499691429359517696
499691556652449792
499692589143298049
499693137670205440
499693411503726592
499693751720501248
499694783691239424
499695460358311936
499695682476060673
499696137708658688
499696525808001024
499696733979688961
499696948296028160
499697037156171776
499697498072420352
499697648866045953
499697652385464320
499697729225105408
499697887434248192
499698357397237762
499698366402789376
499698817567293440
499698828845780993
499699006298419200
499699107615997952
499699366660423680
499699479688544257
499699779426066432
499699803576881152
499699989237747712
499700083265269763
499700279412281345
499700579527299073
499700824432717824
499700838127120386
499701423135678464
499702384424022016
499702462865874944
499703127193305088
499704667195322368
499705041238765568
499705246642622465
499705269434085376
499705599454883840
499706059691663360
499706065769201666
499706350759206912
499706705354448897
500070108099002368
500070699768496128
500071770192216065
500072098178813954
500072155166814209
500072334578159616
500073002101665792
500074069354905600
500160181184249856
500175929902395392
500180625312083968
500192488003354624
500224586064343040
500231335668383744
500231484725161984
500234112054341632
500234390723915776
500235112785924096
500237448798949376
500239577387659265
500240534481666049
500242061279637504
500246996163129344
500247666924986369
500251242124173312
500251535943942145
500252508884070400
500254607470518272
500255282757632000
500256984768475136
500257166478282752
500258409988763649
500260514807947264
500261600579043328
500263680026869760
500266427840864256
500266977814790144
500269950876286976
500270284117925888
500270780832174080
500271532279877632
500272399867068416
500273257262886912
500274132756738048
500274697485824000
500275854434639872
500277311652913152
500277477986828288
500277526590423041
500277563072475136
500277625773121536
500277808883830784
500277854341697536
500277940253634561
500278045597368320
500278169828470784
500278365031370752
500278485001457664
500278858156085248
500278944881725440
500278978557804544
500279189405433858
500279519455219712
500279571988877312
500280249629036544
500280422295937024
500280477920796672
500280658665537537
500280809652514816
500280838710247424
500280847912955904
500281094239817728
500281131057811456
500281856559161344
500282606316158976
500282674200604672
500283291493494784
500283314230419456
500283831803326464
500284377490665472
500284494201757696
500284699546517505
500284699760427009
500284871541940225
500285919539511296
500285938824908801
500286058664579072
500286059918274561
500286293688193024
500286805720449025
500286865963245568
500286984162525184
500287224957898752
500287313256402945
500287479015292928
500287491182579712
500287538578587648
500287595403022336
500287815734013952
500287857727377408
500288263320768512
500288349924782080
500288581081260032
500288971197263873
500289088285863936
500289154581008384
500289307257868288
500290456845299714
500290464621559808
500290867681587200
500290977798836225
500291116403789824
500292129802186752
500292202845982720
500292684192686080
500292806175236096
500292917957648384
500293392060780546
500293511632388097
500293830827331584
500293872162205697
500294349872062464
500294693356175360
500294803402137600
500295333486657536
500295393301647360
500296080710705152
500296158476906496
500296692713783298
500297243371798528
500297358908071936
500298091627823104
500298315368390657
500298588992593920
500298752469770240
500298847550472194
500298981558063107
500299227969646592
500299904817049600
500300813835988992
500301418406744064
500301519854379008
500302115458523136
500302577557573632
500303238810574849
500303431928922113
500305514447003649
500306548841660416
500306837103968257
500307001629745152
500308076004929537
500308574703452160
500308705083400193
500308708988301312
500309193526882306
500309222635360256
500309381930844160
500309745350508545
500310127896199168
500311883669585920
500312651797233665
500312670260957185
500314788610985984
500315237375954944
500315291168276480
500315532382707712
500316005089181697
500318003024494596
500318980007948288
500319233558192128
500319675797209088
500319801344929795
500320235841265665
500320316602974210
500320616428601344
500320680810795009
500321184269881345
500322242296041473
500322373359661056
500322486362202112
500324234821124096
500325111497777152
500325220193153024
500326267640905728
500326873407455233
500327106824245249
500327120770301952
500327581514993665
500328049058279424
500328451929559041
500328583194509315
500328758201815041
500331134040162304
500331472277225472
500332042648055808
500332933098385408
500335355904540674
500335761615355906
500335927248429056
500336040440516608
500336373833170945
500339209715335169
500339512082698240
500339591392817152
500341884678836224
500343812863311872
500344846612447233
500347114975944705
500347484154372097
500347920210989057
500347948635791360
500349179848560640
500350150695743489
500350777844457473
500351760402493440
500352655827279874
500353815132897280
500354471525109760
500354773133299713
500354853680340993
500355828227252225
500356642329071616
500357314722156544
500357713260724224
500358061698347008
500358195408551936
500358258654470146
500358526804316160
500358655834062848
500358907383275520
500358977046474754
500359075045990401
500359117132017665
500359125310922753
500359223557890048
500359312447787009
500359323588239360
500359356589019136
500359377585704961
500359508531884033
500359983301939200
500360018928353280
500360094924931073
500360095738626049
500360244187635712
500360248767840256
500360558806568960
500360596995731456
500360978387976192
500361302238564352
500361668132892673
500361847070269441
500362377062547457
500363024926900224
500363097698086912
500363126294863876
500363141034020865
500363602943942657
500363740311982081
500363831957135360
500364250461003777
500364290545958912
500364921607974913
500366171716067328
500366207552196608
500366333461422080
500367267901632512
500367591773179904
500368579875704832
500368901365317633
500369097360953345
500369391339724802
500369479482630145
500370188970524672
500370960093302784
500371149713178625
500371231183745025
500372391407931392
500374427448516609
500375190535421953
500375440285237248
500375545918803970
500375737439096833
500375839498723328
500376174095511552
500377145349521411
500377906305327104
500378223977721856
500378338582884352
500378522398244865
500378522788315137
500378874656854016
500379055594946561
500379259698176000
500380881563811840
500381163866062848
500382265076379649
500382270340214784
500382437655207936
500382853147164672
500383514567925760
500383956362334208
500384393362698241
500384777514799104
500385868041842688
500385877684539393
500386524416856064
500386978467414016
500388199064420352
500388477763325952
500388703114895360
500389488217309184
500390232756617216
500391222075076610
500393152444772352
500393439482368000
500394005419409408
500394061887709184
500395288335360001
500396175753633792
500396366829735936
500397785246466048
500398504075071488
500398901028196354
500400102125879296
500402908740210688
500403838877462528
500404132394459136
500405877460193280
500406581855801345
500408184562257920
500408607561629698
500411513727750148
500413489882484736
500413818368184321
500413956230365185
500417151346696192
500420356621213696
500420906670256128
500421926079066112
500422971320963072
500426437392732161
500426667446513666
500427786159681536
500431179925823489
524922078638903296
524922499466022913
524922507380670464
524922729485848576
524923148576518144
524923293711998976
524923341359300608
524923462398513152
524923480173981696
524923610851729408
524923676484177920
524923678472286209
524924034124107776
524924225463668738
524924346411020288
524924619812511746
524924954287296512
524925033626738688
524925050739490816
524925124303396864
524925215235911680
524925553489760256
524925600318754816
524925730053181440
524925987239120897
524926184069808129
524926235030589440
524926279309860864
524926301678096384
524926445496197120
524926472432410625
524926643325132800
524926698165633024
524927281048080385
524927288077746176
524927356830760961
524927695633666049
524927789892653056
524928119955013632
524928297986433024
524928863714168832
524928878075457536
524929106987991040
524929497205055488
524929550493712384
524929559909916672
524929769469538305
524929796862918656
524929893759737856
524930293921107969
524930400272265216
524930499790131200
524930538009006081
524930575472136192
524930671220105216
524930851747164160
524931019745812480
524931083797004288
524931110279852032
524931324763992064
524931752725585921
524931830173421568
524931913426157568
524932056560963584
524932292406681601
524932327907270656
524932574909857792
524932635177795585
524932792925569024
524932935137628160
524933380929245184
524933399828369409
524933600433938432
524933657493250048
524934004152082432
524934142958788608
524934300459077632
524934381828603904
524934507892580352
524934648473079808
524934673760530432
524934827909210112
524934941914968064
524935023380545537
524935085863481344
524935216134369281
524935246647926784
524935345998422016
524935485370929152
524935586025861121
524935633463037953
524935731148775424
524935758143324160
524935769614331904
524935791794221057
524935816603107328
524935906596499456
524935943925796866
524936137589411840
524936365427806208
524936592159698944
524936793633083394
524936872666353664
524936966492942336
524937204552843268
524937330923417600
524937421180653568
524937542131793920
524937560276344832
524937574281121793
524937594090844160
524937597206790144
524937675115999232
524937968138878976
524938107142283264
524938162900967424
524938282732642305
524938433262006272
524938857180303360
524939327399559170
524939347699585025
524939378552864768
524939818347028480
524939821815721984
524940014065811456
524940030109036544
524940077978640384
524940659778920448
524940716733370374
524940940721418240
524941041301225472
524941119403335681
524941124893700096
524941132237910016
524941318389501953
524941504796962816
524941529928839168
524941720249978880
524941727753568257
524942149973188608
524942353355005952
524942470472548352
524942548066791424
524942946765131776
524943012602716160
524943063937208320
524943114885427203
524943132409212928
524943226948820992
524943504192311296
524943615437848576
524943658748219392
524943721302089728
524943812339437569
524943886553468929
524944006577668096
524944399890124801
524944544681705472
524944569528750080
524944610985263104
524944637489086464
524944788525973505
524944881941495809
524945095322513408
524945170777645059
524945197705461763
524945665827545089
524945676443340800
524945684966166528
524945814796644352
524945879455653889
524946179390701568
524946336190586880
524946461621235712
524946609453678593
524946753154727936
524946808271671297
524946921547628545
524947030616313856
524947071770435585
524947149134774272
524947196131966976
524947414050816000
524947416869388288
524947424482435073
524947475858472960
524947502903345153
524947674164760577
524947716393414656
524947744809418752
524947867975561216
524947870735429632
524947964620701696
524947971679744000
524948206023880704
524948264148160513
524948264886759424
524948268355051520
524948554344054785
524948703850029056
524948710812581888
524948790227517440
524948866773184512
524948941956448257
524949021744713728
524949026064850944
524949069945634816
524949073154301952
524949136173694976
524949243883425793
524949306101743616
524949339131904000
524949435886096385
524949439367380993
524949443607412737
524949526487265280
524949628689461249
524949733983657984
524949828711620608
524949837729787905
524949884143927296
524949887591653376
524949897221795840
524950159160250368
524950264303075328
524950321064607744
524950339074523137
524950395110842369
524950404283772930
524950455743291392
524950507023245313
524950584349454337
524950679274942464
524950887119482882
524950899899113473
524951314556796929
524951419175309312
524951585231994880
524951625556066304
524951696376487936
524951711941922818
524951893467234304
524951948337098752
524952005157347328
524952154482946048
524952322703900672
524952341561491459
524952437137092608
524952808110694400
524952883343925249
524952995034042368
524953017389707264
524953077456318464
524953110285152256
524953391634866176
524953569762766848
524953604717686784
524953840127574016
524953918166794240
524954028287877121
524954105471840256
524954262657581057
524954313337364480
524954586696933377
524954623145431041
524954630279925760
524954661703680000
524954833648771072
524955062486196224
524955102554361856
524955159840182272
524955170200121344
524955304199352320
524955385480753153
524955557686284288
524955620538343426
524955850591334403
524955871689052160
524956129017995264
524956168754843648
524956294395224064
524956372199555072
524956383318650880
524956648151191553
524957429889777665
524957517294886912
524957554829717504
524957647653863424
524957752138149888
524957773810135040
524957925157384192
524957974226550784
524958128392376320
524958173245870080
524958227768020992
524958238316298240
524958383468978176
524958384060366849
524958409381384192
524958516822671360
524958599433691136
524958743000125440
524959027516932096
524959332656349187
524959390332239872
524959630158725120
524959778125385728
524959809402331137
524959836778536961
524960245509287936
524960247518330881
524960277348233216
524960814944747520
524961016904294400
524961055211286528
524961070465945600
524961362448240642
524961408740380672
524961561677680640
524961589406216192
524961659685588995
524961721744900097
524961908903149568
524962072262881280
524962142563610625
524962199543230464
524962748237889536
524963649455407105
524963878904823808
524964223185850368
524964279456653312
524964457936863232
524964564018790400
524964630221705216
524964929083023360
524964948683005952
524964989975937024
524965077318107137
524965165759221760
524965242213007360
524965406377664512
524965723672961024
524965775036387329
524965786059026432
524966392702189569
524966565788520448
524966572277129216
524966582544781313
524966596897685504
524966770428243968
524966904885428226
524966946467749888
524967231902318592
524967298604359684
524967376719466496
524967510563889152
524967620588896256
524967631171117056
524967711492014080
524967727266398209
524967811081195520
524968205690089472
524968330172850177
524968337747767298
524968466559033345
524969137660231680
524969144832491520
524969201102901248
524969483317026816
524969501704855552
524969679790817280
524969878823137280
524969963850051584
524970097711267841
524970444156571648
524970488590651395
524970731202166784
524970851675176960
524970966842376192
524971124845985792
524971165056782337
524971258996588544
524971492820647936
524972166006464512
524972277406773248
524972443308683264
524973223356940288
524973444946202624
524973811092193280
524973920722878464
524974106308251648
524974318087061504
524974456851410944
524974566830247936
524974779540197376
524974786460778497
524974885362479104
524974975623892992
524975031059632128
524975093966209025
524975142641086465
524975552638504960
524975642379816960
524975705206304769
524975847846203393
524976486902951936
524976526891417600
524976773671292928
524976929703997441
524976963862429697
524976980799000578
524977321430630400
524977651476623360
524977669902172160
524977812852461568
524977992683237376
524978172110987264
524978196589334529
524978526974668800
524978855531253760
524978912145985536
524979070288019456
524979133366165504
524979179235069952
524979548195024898
524979668282519552
524979702940045313
524979946218061824
524980219749597185
524980504324358144
524980579956449281
524980744658382848
524981223291383809
524981427260366848
524981436252950528
524981463033581568
524981513637888000
524981557770350592
524981565462704129
524981689781870593
524981890567385088
524981945131102211
524982066564567040
524982531075371008
524982608716120065
524982699220803586
524982954880413696
524983050187579393
524983146266505216
524983236712476672
524983325275197440
524983366261936130
524983395026497536
524983403775799297
524983581983375360
524983599851130880
524983828000276480
524984773211860994
524985092343889920
524985325190656000
524985687704338432
524986649315667968
524986820850106370
524987107081977856
524987150413336576
524987184836005889
524987432656453632
524987851046658048
524987990524047361
524988027425554432
524988712367955970
524989654995849216
524990163446140928
524990180034609152
524990519777443840
524991067675189250
524991119164473344
524991576163250176
524991832451981312
524991844292521984
524993009440403456
524993166651318273
524993523746373633
524993533212897281
524994218964815873
524994747883323392
524994965366382593
524995771587108864
524995942995746819
524996383120818176
524996756220956672
524997030536830976
524998110268096513
524998881676107776
524998906799988736
524999488067633152
525001895631654912
525002243100401664
525002842021445632
525003253185277952
525003468659228672
525005886272843776
525006356731166720
525006847095615489
525006853626159105
525007169956347904
525007664544493569
525008463819464704
525008613392515073
525009850104037376
525010084003213312
525010245811466240
525011494896148480
525011747007377408
525012247249428482
525012689568161792
525012912562536448
525013278343581696
525016728091500545
525016983646244865
525017500061536258
525018288330272768
525018799347875841
525019265888702464
525019469983531008
525019752507658240
525019992337551360
525020326816927744
525020620636307456
525020733622464512
525021050627973120
525021083892994049
525021103559696384
525021132022628353
525021358879936512
525021697003782145
525022663102963712
525022700923019264
525023025792835585
525023057526947840
525023610243928064
525023642007371776
525023858831523841
525023912221212672
525024066152169473
525024181218725888
525024518713397249
525025279803424768
525025329916948481
525025463648137216
525025552634494976
525025695425380352
525025806079504385
525026031833718785
525026219100995584
525026592788348929
525026715123601408
525026947307700225
525027116287811584
525027317551079424
525027539845410816
525027651908800512
525027873867198465
525027958835408896
525028171549523971
525028522361114625
525028734991343617
525029016001318913
525029232691650561
525029433632366592
525029913230053377
525029954908860417
525030117014507523
525030165190303744
525030416261337089
525030696738652160
525030963781595136
525031558949134336
525031610136014848
525032520124207104
525032872647065600
525033278555033601
525033357722550272
525033443076628480
525033625788907520
525033697045925888
525033778637721600
525034457086959616
525034687245582337
525035552643751936
525035564014526464
525035832336736257
525036180379676673
525036214286815232
525036240848945152
525036393983381504
525036457732231169
525037540508594176
525037656820826112
525038096086499328
525038517844709376
525039002307424256
525039242771464193
525039686931075072
525039876366798849
525040097272819712
525040408653754368
525040492388823041
525040545870385153
525040767317082113
525041091507388416
525042177643016192
525044004287971329
525044262648676353
525044678765187072
525044725926330368
525045145079533568
525045203648790528
525045709402148864
525046432085327872
525046443103354880
525046462460477440
525047079325155329
525047104239333377
525047349757100034
525047767325220865
525048557569454080
525048987649576960
525049044201377793
525049639016615937
525049831312875521
525050193360613376
525050632211021825
525051210349289472
525051365195014144
525052223030845440
525052332116312064
525052526593601537
525053517531062272
525055052801515521
525055879545380864
525055967076290560
525056022046851074
525056576038518785
525057025785356288
525057374965739520
525057606151602176
525058578365698048
525058633730891776
525058825909731328
525058976376193024
525059348574130176
525059810312847360
525060425184858112
525061787860103169
525062013551001600
525062993898635264
525065123917221888
525065430713790465
525066876058361856
525067386849091584
525067419635576834
525067500447612929
525068915068923904
525069189447704576
525069912679923712
525070811439579138
525070933556350977
525071376084791297
525071638464049152
525072912957452289
544266241511133186
544267656597995521
544268186292867072
544268637134393344
544268732046913536
544268900351766528
544269221564137472
544269749405097984
544269997745242112
544270745744846848
544271069146656768
544271185903484929
544271284796784640
544271362022338560
544271743331078144
544271815007145984
544271815044894720
544272134764122112
544272155144646656
544272537341812736
544272561266503681
544272701108797440
544273050188148736
544273220128739329
544273256174198785
544273427075710976
544273459199893505
544273563872538624
544273885437652992
544273888725577729
544274364288364544
544274544174071809
544274585697280000
544274757689307136
544274879055675392
544274934835707905
544275138712469504
544275597464444929
544275733607366656
544276027644850176
544276998017646593
544277113683980288
544277117039837184
544277336422486016
544277516773380097
544277526248304640
544277650714677249
544277728930062336
544277817987330049
544277852968210432
544277860555710464
544278335455776769
544278913883447298
544278985249550337
544279103864860674
544279262547935232
544279603259248640
544279776765431809
544279945128591360
544279950929321984
544280077778055168
544280217104031744
544280397472088064
544280399044960256
544280516821024769
544280650455728129
544280707800264704
544280765111218176
544280873806610433
544280923923959808
544280929154637825
544281014768795649
544281235271745537
544281589749137408
544281591833317377
544281689233850370
544282005941530624
544282015487787008
544282127404388353
544282227035869184
544282250503012352
544282355989753857
544282449388519424
544282714237448192
544282877278814208
544283374911627264
544283387087691776
544283745939767296
544283772569788416
544284078330376192
544284455909998592
544284483453595648
544284526684286976
544284577318318080
544284823041212416
544284859628523521
544284957766463488
544285194815942657
544285213891629056
544285245600989184
544285296565948416
544285508441231361
544285712653500419
544285819108741120
544286172109758464
544286537299787777
544286686142685184
544286724831318017
544287083343671296
544287165912735744
544287203728556032
544287209730236416
544287252306997249
544287425380360193
544287499397242880
544287796719288321
544287815790755840
544287902079803392
544287922166726657
544287991959539713
544288009747566592
544288135564107776
544288302254137345
544288661253398528
544288681021145090
544288773023203328
544288799711592448
544289311504355328
544289409294553088
544289448150986752
544289880805605376
544289941996326912
544290258951892992
544290611856408576
544290646010261504
544290752533393408
544290780991725568
544290967369428992
544290995462889472
544291619084959744
544291804057960448
544291829290508289
544291965513134080
544292129972170752
544292146342531072
544292670336925696
544292798887784449
544292910578278400
544293021995393024
544293177596067840
544293261506928640
544293694166536192
544293739221368832
544293753130082305
544293770926120960
544293783702364162
544294274674593792
544294402366394369
544294639805923328
544294692456628224
544294794139533313
544294893146091520
544295960449265664
544296007589433344
544296096244441089
544296158206894081
544296373466562560
544296465619619840
544296671950020609
544296772592336896
544296985910861824
544297247567917056
544297696308518912
544297827258888192
544297950134816768
544298121379852289
544298334354411521
544298346345947136
544298354029506560
544298376851111936
544298959993200640
544299273664593920
544299439087550464
544300088747884544
544300178443100160
544300256981430272
544300361360498688
544300369765859328
544300674448887809
544300945820352512
544301012492632064
544301025079730176
544301149348982784
544301235596054528
544301296099270656
544301449845305344
544301453717041152
544301455952588801
544301589931241472
544301624814870530
544301786849640448
544301900682629121
544301925735202816
544301961638457344
544302448522035202
544302821450207233
544302827330224128
544302851158470657
544302938374426624
544304200423723008
544304298243653632
544304742743044096
544305463048015872
544305540286148609
544305673287524353
544305745416581120
544305913260433408
544305999994421249
544306402731507712
544306591235710976
544306719686656000
544306732475105283
544307028815253504
544307040932601857
544307161589772290
544307417677189121
544307547390607361
544307776135364608
544307871853592576
544308156625481728
544308531684335617
544308793623207936
544308888628387840
544309006500888576
544309060883845120
544309113694740480
544309177859203073
544309275141885952
544309283048144897
544309497041133568
544310222547087361
544310853613281281
544311814649942016
544312876245057536
544313043463987201
544313132865159169
544313370892324864
544314234541469696
544315187608973312
544315472075042818
544315864397258752
544316046379716608
544316384273248256
544316500002484226
544316576645017600
544316684736028673
544316814856306688
544316904861478912
544317165965303808
544317301064208384
544317438079139841
544317474498703360
544317609718865920
544317709396496384
544318036715782144
544318880001560576
544319274072817664
544319450569134081
544319832486064128
544320179560525824
544320939245043712
544320992361721856
544321103875694593
544321934410788865
544323086841954304
544323127522906112
544323450270392322
544323933634564098
544324444773433348
544324741239037952
544325779199258626
544325896661114881
544326597055369216
544326741674967042
544326782334558208
544327577406410752
544328324601114625
544328673097039873
544328894812549121
544329204314406912
544329251487756288
544329393737170944
544329935943237632
544330174351679489
544330861680664576
544331094523662337
544332254068350978
544332510440595456
544332613532811264
544333020023754752
544333172180537344
544333764814323713
544334431830286336
544334477011349505
544334554631536640
544334623023452160
544334939374641152
544335202923737089
544336408144781313
544336432609775618
544336537870434304
544336736948473856
544337283801829376
544337383215226880
544337689676636161
544337761600557056
544337816298070017
544338575240609792
544338698750664704
544338731210399744
544339368823894019
544340091615715329
544340578528272385
544340812448804864
544340943965409281
544341124614459393
544341194822520832
544341406094213121
544342204576038912
544343367279456256
544343410849886209
544343625069379584
544345465311879170
544346261365600257
544346359948910592
544347292493705216
544348392944463872
544349042952916993
544350087020019712
544350480780914688
544350565283532800
544350567183556608
544350712365207552
544350985142173697
544351015936331777
544351133120987136
544351356824604673
544351486956670976
544351885298130945
544351967829839873
544351969658564608
544352188210745344
544352727971954690
544352874969698305
544353303468199936
544353502689251329
544353793270243328
544353918315397121
544354175900196864
544354657385316352
544355197435142145
544355218251452416
544355417900716032
544355845489065984
544355924224532481
544355987608444929
544356122082410496
544356579098001408
544356724871036928
544356997718900736
544357264333615104
544357487911395329
544357563534680064
544358533819420672
544358564484378624
544358920869789696
544359422726664192
544359578612559872
544360342995099648
544360928603799552
544361266718846977
544361776020586496
544362279006113792
544362543997665280
544363222296297473
544363471660277760
544364000897945600
544365130138808321
544365585417527296
544366036498542592
544366723067957249
544366824997912576
544366894107480064
544366934154678272
544367253857525761
544367462012432384
544367862211952641
544369501857263616
544369667096477696
544370712639590400
544371668131393537
544372177965834240
544372222400671744
544372257674788864
544372384690872321
544372465078505472
544372545219489792
544372701285351424
544373504419069952
544373515067998208
544373593841623040
544373676842311681
544373694068686848
544373839548145664
544374018661687296
544374313848430592
544374395540881408
544374422056882176
544374511194632192
544374563539140608
544374871812472832
544376300417585152
544376469279875072
544376732649013248
544377046030635008
544377326122057728
544377463581581314
544377502563459072
544377700677615616
544377870554898432
544378468931076097
544378515378814977
544378769952505856
544379366474403840
544379489263042561
544379738240720896
544379787246981122
544380433014591488
544380742076088320
544380899639689216
544380980677857280
544381144620216320
544381485591982083
544381860214603776
544382249178001408
544382795099799553
544382892378714113
544383022876065792
544383230091464704
544383383095508992
544383649131806722
544384041391517697
544384255825289216
544384349395628033
544384394337611776
544384498947719169
544384662765068288
544384825332101120
544384839906906113
544385086955589632
544385535909715968
544385641975676929
544385829180035072
544386515171020801
544387886611570688
544387967037763584
544388013141143552
544388259359387648
544388329094270976
544388658334146561
544389259491172353
544389493273276416
544389893120856064
544389986809036800
544390017930383360
544390130682068993
544390903839088640
544391085150457856
544391176137089024
544391323214573568
544391533240516608
544391789789331456
544391790615605249
544392718601183232
544392801836728321
544393889113600000
544394005182963712
544394858405060608
544395562666037248
544395613043818496
544395712130449408
544396260740845568
544396563116589056
544396587192311808
544396608704901120
544398512931086336
544399927045283840
544400775775289344
544400853298184194
544401029211496449
544401106617786370
544401374675341312
544401573968097280
544401599414943744
544401675789033473
544402012570284032
544402024524038144
544402515085623296
544402785966772224
544403564077260800
544403765575839744
544403913076924417
544404673357021184
544405761925738496
544405871703240704
544406212461473792
544406665223999488
544406902990323712
544406931897479168
544407139205132288
544407157077467136
544407300329709568
544408293192368128
544408496918499329
544409400941625344
544409432600223744
544409517224898560
544409519380758528
544409869990633473
544410050572582912
544410079043551232
544410576894427136
544410895602839552
544411097797644288
544411313779126272
544412083714928640
544412767240085504
544414430025371649
544414634308939776
544414686935285760
544415616753745920
544415816851021824
544416436374892544
544417650680823808
544419008615702528
544419029905985536
544419416578850818
544419788739461121
544420067774316544
544420349052342272
544420375224791040
544420432099545089
544420963429797889
544421245698056194
544421653128556544
544422134127525888
544422678119981056
544423787949600768
544423869981802496
544424775939293184
544425494763302913
544425928290750464
544426421331169280
544426670095368192
544427133398175744
544427216516698113
544427333969805312
544427461136502784
544427543336464384
544427938372792321
544428082749132800
544428261602623488
544428421745741824
544428943080951808
544429350376861696
544429942323167233
544430771688439808
544431559320014848
544432661419155456
544433739539812353
544434195469045761
544434450918932480
544434475807936512
544434964985421824
544435176479027200
544436172999495680
544436279442546688
544436330856329216
544436666661085184
544436750097973250
544437156505067520
544438309267578880
544439521236893696
544440749387808768
544442676410867712
544443027570556928
544443154964152320
544443739800731648
544444021066563584
544444261027299328
544444409769512960
544444539092488192
544445364322197504
544445607717261314
544446282559799296
544446828654366720
544447757860483072
544448991518130176
544449039433883650
544450135988899840
544450580367024128
544450710926934017
544451052679204864
544451181754744832
544452087468150784
544452299641192448
544453251068743681
544454229960974336
544455370476109824
544455530756841474
544456216907636736
544457877688430593
544458427263512576
544458458527834112
544458558432350208
544459137674125312
544459333983948800
544459726948286464
544459882075017216
544460097146331136
544461661055098881
544462330105712640
544462438310375425
544462911729455104
544462912644214785
544463189447294976
544463201875025921
544464695646617600
544464731449196544
544464812621578243
544465040666288129
544465862942797825
544465934149513216
544466903364673536
544466920880492544
544467299218886656
544467710923395073
544468178961592321
544469470568148992
544469609433563136
544470979842281472
544471218951581696
544472595140063232
544472800379940864
544473507594113024
544474153646956547
544475686740967424
544475905926524928
544476808566276097
544477048048082945
544477802255630336
544477834396577793
544478625383608320
544478708741201920
544480083982168064
544480905532669952
544482233038286848
544482664515121153
544483003758419969
544483282352889857
544483404528775168
544486142763347969
544487291465392128
544487579048222721
544488899100147713
544489340584222720
544489539348471808
544490782183657474
544491151118860289
544491160803106816
544491410439667713
544492053900836864
544492209861836800
544492372088717312
544492454016475137
544492614838673408
544492843499540480
544492984880754688
544493466836017154
544493536771854336
544494058287423489
544494408515608576
544495066258362368
544495155198181376
544495167836016640
544495359800930304
544495737770618880
544496062321664001
544496262629036032
544497137221136384
544497405237161984
544499780479893504
544499892010635264
544500527720325120
544500883963518976
544501464849059840
544502782267752449
544503037973528577
544503217107648513
544503881527742464
544504183341064192
544504859290906624
544504954334224384
544505129810944001
544505447911149569
544506347438735361
544506443626741762
544506628239028224
544506678922977280
544508035113439232
544508411178536960
544508479675711489
544508543152304128
544508666724876288
544508725420380160
544508900595499009
544508995361202176
544509086998749186
544509140911919104
544509652390924290
544510219401703425
544510345289924608
544510402454110208
544510450101415936
544510453201006592
544510784366080000
544510827433558016
544511112654618624
544511130249744384
544511151900753921
544511199702822913
544511263788003329
544511300630753280
544511391349354496
544511434840113152
544511489869373440
544511558173601792
544511560249790464
544511676088066048
544511693204647936
544511736465072128
544511773223968768
544511783940403201
544511811404705792
544511865729323009
544511915158810624
544512064694546432
544512108885725184
544512187171995649
544512398628241408
544512514651066368
544512664769396736
544512676643500033
544512691948498944
544512867144192000
544512910538838016
544513035118075904
544513072006967297
544513199375384576
544513292576641025
544513339544838147
544513407400304640
544513517706305536
544513524438155264
544513557912879105
544514127197388801
544514207933542401
544514474963922944
544514538797035520
544514564407427072
544514569339953154
544514570367168512
544514645571420160
544514883484520448
544515072203444224
544515097625108480
544515446100090881
544515489016594432
544515538383564801
544515546633355264
544515584931528704
544515665319976960
544515671347200001
544515850963648512
544515999161393152
544516079129993216
544516101556961280
544516142983684097
544516164333080577
544516240572940289
544516381031792642
544516427827249153
544516514519343104
544516530160300032
544517264054423552
544517264725516288
544517440332627968
544517500118249472
544517624114081793
544518033902149632
544518036255150080
544518044643770368
544518128798294016
544518335019229184
544518337498058753
544518590104621058
544518647881170945
544518696463765505
544518803225604096
544518841020473345
544518859290464256
544519166582337536
544519245087121408
544519284740079616
544519298015039489
544519486167330817
544519486498676736
544519594438696961
544519635916169218
544519694401941504
544519788752818176
544519849507307520
544520042810200064
544520121436213248
544520273718812672
544520434767503361
544520586576547840
544520615441756162
544520795511611392
544520802339917824
544520932405284864
544520990538358784
544521141335764992
544521166543548416
544521260840267776
580317556516483072
580317998147325952
580318020192571392
580318210609696769
580318669483413504
580318717860532224
580318938996740096
580319005703069696
580319078155468800
580319116302647297
580319184652890113
580319206400475136
580319458004193280
580319651399385088
580319856496644096
580319968484421633
580319999887347712
580320161082830848
580320242020290560
580320267777511425
580320329203093504
580320563891019776
580320612155060224
580320645906632704
580320684305416192
580320745974288384
580320825351471104
580320856561209344
580320856905269248
580320890086383616
580320893668364288
580320945740480512
580320964875014145
580321156508577792
580321169271877632
580321327845765120
580321350750990336
580321372703985664
580321844089212928
580321948070240256
580322026029654018
580322066374721537
580322332348190720
580322346508124160
580322349569994752
580322453928431617
580322653472493569
580322927679279105
580323060533764097
580323152103911424
580323165068509184
580323456996282369
580323498905702400
580323815261016064
580323877429112832
580324027715063808
580324338865430528
580324697415360512
580324721381740544
580325043705667586
580325090367315968
580325235653799936
580325458870460416
580325714567806976
580325799078793216
580326012749221890
580326045238333441
580326073776357376
580326111311171584
580326222107951104
580326398620934144
580326473803767808
580326744357515264
580326807704088576
580326871302316033
580326978546495488
580327058158551041
580327197921120256
580327336505176064
580327418084364288
580327611760545792
580327625626927104
580327692765151232
580327960638521344
580328132932022272
580328297462140928
580328302939889664
580329153553141760
580329219646988289
580329455173967872
580329875891974145
580329886532968448
580330302251393024
580330362070540288
580330369603366913
580330441854435328
580330454869512192
580330560331091968
580330591826128896
580330660537192448
580330721719508992
580330740086243328
580330986220687360
580331000573476865
580331071457333248
580331192316198912
580331561398108160
580331677899202560
580331843616133120
580332109782466561
580332232121933824
580332296336732160
580332312354693120
580332410853789696
580332485030125568
580332532694122497
580332832544976896
580333759125458944
580333763512705025
580333827425439745
580333881687195648
580333904126742528
580333906597167104
580333909008871424
580334199187644416
580334563932549120
580334678340558849
580334729678966784
580335102313500673
580335398683058176
580335545265627136
580335578069209091
580335608477982720
580336326634962944
580336341080260608
580336394184323072
580336528955691008
580336554406711297
580336568419921920
580336661206331392
580336772128870400
580336782782382081
580336849534648320
580337178506584064
580337292838981633
580337320508919808
580337327677026304
580337418550775808
580337583508570112
580337826279124992
580337873691533313
580338165824667649
580338189904285697
580338194731962368
580338392782757888
580339547269144576
580339793122447361
580339825649291264
580340024736116736
580340423044018176
580340476949086208
580341214098137089
580342519516512256
580342670511472640
580342917291708416
580343473607438336
580344006682505216
580346824269103105
580346992074842112
580347068457308160
580347290633838592
580347360959717376
580347646465949696
580347961256837120
580348081100734464
580348878370828288
580349159569539072
580349424058175489
580350000074457088
580350426278719488
580351083383517185
580351149619953664
580351367719591936
580351604831846400
580352273001410560
580352417541287936
580352455952732160
580352532167311362
580352540316946432
580353540725452800
580353986991112192
580355192908095488
580356429615337472
580357537083576321
580359057825009664
580359081296293888
580359405620858880
580359480782786560
580359809041604608
580360165540642816
580362104110071808
580364138020507649
580364236330762240
580364656608428032
580364973664309248
580365368805486592
580365806720122880
580366761398239232
580368417556992000
580369978546917376
580370249712697344
580370275121938432
580371776619839488
580371845997682688
580371847335821312
580372127125131264
580377478184755201
580377986941206528
580379486732066817
580380219921580032
580387098039046145
580388756043083777
580398796124876800
580697361799876608
580699430690656256
580699825030754304
580706841769820160
580882121222434816
580882302621843456
580882341880446977
580882417117958144
580882674413375488
580882701063979008
580883100533690368
580883510103281665
580883727624065024
580883793709547521
580883864521818112
580884417343815680
580884605097664512
580885624883904512
581047170637381632
581061237783556096
581061272856326145
581061914001821696
581062604988162048
581063145256538112
581063377226637312
581063730319925248
581063753837481984
581063816882065408
581063906682114048
581063928953876480
581063957684850688
581064144394285056
581107798932631552
581132461960249344
581153923987206146
581183387848859648
581247332282306561
581247335998431232
581248880098086912
581249720376553472
581252958446329857
581254429996920832
581257660118491136
581258923065389056
581259253429702656
581261457725210624
581262528107384832
581264214809022464
581274406804025344
581274572823130112
581286157151039488
581287108607811584
581287562947395584
581287795991302144
581288928646340608
581290271997968384
581293286268129280
581295422414680065
581295858898989056
581296960830881792
581299253743501312
581299354431987712
581300992194572288
581301262269829120
581301336085553152
581302544116379648
581303832895885312
581303989406314496
581307361857392642
581314363644121088
581315281630318593
581318271321931776
581325025569030145
581335535832039424
581359544682614784
581377529124130816
581386094337474560
581386155083620352
581387966125248512
581394092648710144
581404604677660673
581405344288608256
581409613913804800
581411131547320321
581437061363675136
581450117972144128
581460720900050945
581473088249958400
581479017770979329
581546828954411008
581550667753504768
