250042
141997
57313
53446
243490
192296
211660
75290
211093
220529
136824
222423
161613
290535
148958
216102
211702
203987
6285
248360
175318
274367
230525
21234
239148
274050
21023
295469
309091
268339
263406
82893
308032
78109
280941
193989
198195
62759
240836
12222
298280
286851
108990
69482
199561
310092
207528
30151
238542
227653
234647
290329
140504
242806
31414
101058
11042
204906
217519
288241
146325
105574
311622
13196
16633
226944
127770
223569
281700
222801
253080
83378
268655
27850
274142
90124
85685
114012
230238
226586
130550
281339
263790
282292
183916
290889
302960
268726
220066
247364
150434
237850
11934
175667
267339
26515
164626
47044
124922
248691
217407
214533
219992
92001
99594
299571
309432
68395
178772
225977
311151
24596
281587
53283
48031
278359
107158
165151
160938
313518
22473
260844
130397
265057
234472
50425
126634
63839
196850
38782
148833
148434
22617
153933
125518
309693
312321
126389
232431
309818
189370
292279
247621
252421
300688
73470
13099
201914
284191
34882
58730
230441
185311
71582
268745
273532
132414
23822
303037
41489
15006
273836
96441
276049
257224
4167
248987
210527
260458
145492
242368
280312
62165
178637
175077
264347
18522
83604
19992
244542
241819
175589
283454
104233
43613
160633
202736
211889
113669
82832
222591
225468
3898
261711
281638
305436
254605
192338
244645
292937
148255
239084
210509
304454
125911
238841
314098
222757
242973
182828
310683
173035
304162
78862
281349
40466
15654
303534
55791
306026
142880
144029
201343
236289
54025
111877
199111
49117
265154
217179
274583
138428
119438
63797
314048
158914
161130
246873
310133
604
218690
155400
225428
293807
260829
92894
300455
43912
107508
38589
242062
85452
243670
55630
37837
258276
151744
220460
248077
79929
75736
53625
192190
104129
120120
275132
239561
83683
103974
302014
271502
254912
64663
37434
123672
187294
145021
215307
166779
87620
34001
273758
77179
191521
110796
216117
146384
161964
123540
251534
135677
307647
224270
197352
289065
259767
255445
225542
9510
251807
216787
155261
266273
46591
203363
137576
215567
222043
119754
218016
219166
160051
50047
237539
277823
2997
292808
111615
8439
101810
224623
83297
274715
240958
168824
162492
294566
288620
245907
233166
34075
19346
197294
191207
299932
226079
302041
238796
56762
307509
172209
252001
313709
313536
140651
217360
49304
209337
156426
257262
148507
271705
204557
227248
303780
144519
164204
239015
194788
274820
85317
310240
48789
253488
244564
153174
169906
244242
171926
24404
251705
247008
270696
294770
237533
74680
266965
149341
76962
88233
285764
100476
230013
119891
218627
313166
157582
239863
224463
313352
207039
165303
177799
260520
45954
223201
116897
141032
309214
20264
265022
81279
311322
20642
183271
310706
257497
121075
271519
287363
313310
52542
36738
306747
76406
302947
45902
308092
135731
298814
170379
296609
310154
209096
259821
67928
274106
220937
248106
85200
157137
272431
178182
218968
42866
255597
282515
257331
228590
297593
294901
120473
244845
144679
96729
230309
17522
102679
177065
270972
110877
270552
155555
21386
268330
277135
129875
159870
252254
262973
304932
190550
199186
15509
294114
222087
283116
49668
253729
24843
284034
257366
200302
52904
77533
298991
177879
212157
299910
280288
114457
294536
119820
242643
123415
255669
235476
82994
221586
265954
161038
258525
98064
216978
102292
141455
156707
107331
242177
230897
291974
247428
18607
282716
124645
252986
275545
489
275412
237167
222393
308337
213687
279590
249752
2810
123913
267165
116592
306069
294674
251925
253775
256084
49802
98096
262107
66802
75753
37751
132919
270966
120813
291996
72857
253265
10229
196950
257626
249963
243095
260020
279631
69524
81762
70902
13396
104720
285815
11164
25189
279623
250966
62000
227232
142766
222029
215882
188080
171232
147823
249311
224489
122960
163481
243046
269930
149763
236147
187774
209188
265574
18132
294443
44190
262761
290599
131541
101816
297650
292640
10666
268080
94094
98908
74750
195900
139899
279401
212633
222584
78279
85283
208199
10815
11354
130719
277146
22738
245048
130825
27916
264647
183330
124478
100937
245254
78929
26638
309597
268316
36436
307253
150181
214318
250685
251791
277033
108526
136545
299150
144259
105305
234212
114991
304742
177651
311134
145009
297001
227698
254613
216380
45533
267952
257995
275955
250032
301687
96150
48941
195531
287465
280673
7053
233927
270093
115423
225952
18412
208360
249586
138928
268978
252433
296528
295360
309086
242318
184959
268996
134543
287715
128864
36714
239990
109322
256893
237472
244621
127824
163646
283082
168246
275530
40322
51114
133536
175878
302691
21119
173003
4689
276371
292036
243931
188403
11845
218377
252668
10448
220408
182513
167547
89452
273506
264987
97156
55015
21626
208807
193118
291523
275299
190236
169210
47398
294722
172329
70388
215714
67750
142969
210700
303005
193403
3097
64174
71354
230062
189931
263255
241561
308000
164586
2591
270681
215449
124563
244854
29237
257514
153875
105976
7258
250069
226959
29176
260485
173632
277209
133714
27691
248619
228503
20817
132952
264582
35674
69061
135995
289795
312652
107789
33154
51985
295899
103668
281992
174791
302868
202651
289447
285945
191377
148825
233340
85985
203580
21462
211281
45376
204952
235940
95591
304646
285712
103416
253109
224408
14780
181222
234623
208325
179707
312640
244820
281384
217957
212488
224468
282771
132619
6444
43947
251174
160551
232166
164386
244443
222975
215009
312042
47563
306178
256795
213353
294906
59812
167027
296629
311036
61490
165639
252949
297156
226700
56783
240239
235462
287452
212443
32465
247852
117295
156108
234935
310427
127402
217166
250834
105177
126277
32292
37414
221669
81398
183602
167679
49966
153381
54315
212637
54845
273189
284360
313157
248171
163323
238789
204931
231243
302653
160894
120284
289086
301083
94855
295115
269610
88863
63529
251387
87214
28068
265278
212875
282088
265163
256882
167187
294101
33682
263422
236845
212892
276879
239592
259074
193281
12713
255363
144687
312334
290566
295036
284692
246316
255321
102948
234633
262324
127172
278556
275380
296538
173061
98180
274852
237607
273379
280035
298458
258474
212974
288908
150370
189503
161920
17293
88696
212369
32192
65516
241876
272091
212404
311312
179752
302564
220287
275961
70720
223684
240653
219958
299395
225004
142741
64367
296970
58108
312039
90287
184758
81706
312055
289614
57416
238074
213019
259034
58860
259463
304569
248865
105227
264002
222637
269165
17836
213835
226260
243834
218004
212559
97345
270404
143222
128237
236701
38892
234715
294823
102656
130612
270059
295075
307296
302957
305867
283902
164083
305340
69314
257433
56200
288255
260592
220738
97469
242205
274078
196250
228541
290629
117038
266789
89238
252390
208862
86857
24167
299476
258051
140204
237458
262300
253750
29504
313915
206070
26366
221351
236168
282256
129081
205307
79563
252703
105388
32712
39108
206458
219985
296856
209124
6201
38493
214497
16190
270222
7559
254566
79351
284877
156661
152977
179446
239374
291842
149096
80220
183128
248313
227978
312967
182773
148725
277173
261528
60345
87961
102815
159577
70051
263942
249577
49035
120734
268679
284766
194851
258690
1228
222884
235049
254771
2617
254781
707
282408
234165
158644
122429
268987
159463
170820
253439
313755
71263
273021
289704
63512
306885
288606
119049
212172
88620
293197
30362
302592
276520
190944
215299
169491
72672
276467
50022
111051
143626
71707
269237
120059
28119
232906
223542
234156
305545
296234
277902
300713
242272
134734
145097
236889
120537
104383
217744
175565
170550
234457
113540
135650
205798
93893
102472
70549
147570
50785
208106
134887
240022
5362
311454
50192
242232
268364
188162
37063
163506
273491
216359
293102
229688
242384
291167
308617
287996
216169
152839
129654
205086
102112
203430
260616
249153
208595
186783
163615
171721
281965
130484
284907
286500
267035
253690
173988
286923
287041
218215
161426
24815
210145
311828
189844
155382
96536
23181
237767
309701
264034
295962
305639
265086
251092
295453
288431
229275
150970
170436
178421
111425
219537
97224
98468
39644
29893
150939
254763
160741
311371
311971
272199
242484
86463
73207
262824
234029
248975
123347
193154
169974
230718
82648
192806
17955
9836
234415
90603
209229
194543
242002
274932
138983
280761
26708
245634
217442
103280
47278
313598
207503
226906
221525
310376
262602
246474
75855
217891
20066
198879
146857
275846
90451
105320
54143
63140
195134
99833
231054
250156
294959
278079
84453
100786
164519
269265
240520
247406
104848
312907
252822
87156
236523
66001
86277
187175
2505
309832
241847
54557
214344
289374
228303
178039
132046
297171
274232
301215
251713
258013
305140
281259
237263
63902
5096
287673
151837
224946
104509
144751
189069
289327
277888
185349
310313
104196
181259
234188
178226
165857
117860
137500
113060
124213
242432
262741
278438
291154
21951
126170
72818
132679
248604
64032
232691
115632
10058
86131
281554
128932
306314
158142
229072
298672
286697
209594
295526
92685
89818
291585
260382
187863
104056
239225
96466
272932
144440
126585
174421
213442
237810
85229
134932
309824
110741
283331
308772
251380
234420
241890
214331
109508
170737
86774
207131
247759
266511
80806
230577
188653
104435
26901
3909
209083
160440
235360
84956
275554
265254
212312
16284
149425
202630
274622
237044
199415
230993
254488
116767
226635
287436
300429
94196
73750
268301
80020
215702
193352
287677
245082
65833
247375
28743
293314
239408
84087
176803
70080
17254
17713
291227
307468
226783
263363
40941
304069
75651
118150
267418
69255
306200
262965
286723
288839
103363
72535
20151
257227
168498
298707
23464
228684
88396
113464
63468
305612
231586
207757
115771
178716
150703
26063
284023
291309
113724
20765
254248
226629
75566
230029
250245
267525
176385
170134
216020
266594
287448
117452
125084
3557
218654
246554
210116
299366
253040
209470
157646
121973
258535
264857
6986
240027
104930
270066
287524
61486
113172
224442
281652
30983
4372
213794
304444
196002
28277
50725
220260
44266
295229
299549
228553
149621
91008
246325
285605
284213
237667
287012
51392
228042
110301
172537
266935
304060
44398
250390
138527
117794
197557
303051
246687
186218
296391
156302
190822
264284
300285
174845
272087
175344
220812
262713
204408
1007
84386
208304
117952
169845
64488
33351
173858
65282
212462
242421
285648
260156
98806
221679
50381
282592
151899
296937
215087
243762
167475
225244
206123
33856
229992
218636
309532
269243
156759
290191
164888
192480
54398
35182
35303
15794
300862
296542
210708
236160
225396
218611
93171
135373
181052
4259
159522
168664
208857
105716
300523
72452
192568
143313
97397
294841
215104
88646
41523
258933
257959
242956
200700
40625
243900
186499
85809
297918
49854
252661
184572
134185
287277
82039
140440
280840
151027
271165
33406
253190
307
179012
211288
208391
246548
231131
264819
109085
79392
297417
66975
305860
179987
149617
102163
177269
239691
304858
268839
129581
138274
283560
25352
137422
186146
262730
131231
195435
302979
209044
246526
109867
92835
283912
250698
216774
128820
149836
214059
223606
75986
19550
95001
136664
207660
123283
145344
242498
237523
305531
270351
115865
176725
108435
9138
230727
205375
266640
288708
191853
204709
86700
12114
210479
232095
119489
41708
257913
60224
252381
165401
245685
80034
254275
208790
241788
44314
234124
181431
167121
310897
265610
203639
74082
16867
234041
297661
84231
264201
233587
300986
284383
295385
218731
182217
233578
232531
193533
238188
9613
9009
275332
52084
154809
224192
277748
197961
58533
229959
273389
222434
226300
101127
289519
121537
312066
126425
188319
297109
255222
116832
206980
143489
45850
307635
208204
292766
218588
253240
285097
270895
113898
228513
208131
119356
103837
213908
222023
108157
82732
130724
190353
247607
229885
34502
62593
73059
94014
87752
197814
34684
155839
280360
233594
169762
159109
184255
271150
269821
102476
300065
293039
121698
162456
247864
235351
79648
252144
310339
301257
201498
66113
148853
127940
248157
156899
215255
265745
1474
280449
6682
223918
285082
57529
5655
189190
258258
295771
12622
257404
49577
278063
268695
73651
112371
53935
172935
269034
281277
35864
299558
260581
266394
162874
206774
291078
63211
41693
201615
270863
202963
41227
35356
224365
313263
224560
191690
286769
257795
312098
202345
36198
262535
158290
278647
250471
294797
145422
254714
312729
225728
268272
197129
144565
109449
2884
11749
304351
135742
16096
217187
249661
50366
124542
52134
137381
143107
286327
222775
226892
252007
242477
310020
206590
209770
180290
295106
162641
130918
14106
263899
172350
195768
261909
222624
121342
139293
274524
35048
166134
147255
156956
139566
226955
111935
243301
127235
59754
177416
280564
222513
43298
241986
36121
204480
307767
266628
180697
269712
306538
174562
52879
202890
106525
74166
235848
72408
236228
199000
310197
256555
227773
107646
69941
281211
224966
95321
205729
299097
233039
301553
220551
36859
216670
296614
280335
5066
142344
214566
304775
176110
234655
279815
291398
269178
301462
93481
268524
106065
72268
61204
282747
313345
40149
285553
263260
33918
276457
270651
125852
5253
159375
135273
196918
94576
60073
217475
91228
102034
91511
95937
230265
311342
5770
305318
194651
171991
100142
59740
171563
216850
244230
285924
67996
44341
179531
53152
265918
76009
210432
208811
186593
280769
16043
214483
203219
283325
14211
234014
303261
284871
165096
261603
230019
56476
140736
16317
101597
154402
298078
157537
12553
118949
7109
208312
7466
15704
236852
224882
294622
232351
181472
219819
248460
237504
307153
254264
186921
120566
295222
288279
114864
303647
296642
219219
249608
174715
286826
77899
264301
57878
258955
166365
256410
154586
172092
6915
205627
51064
158341
60059
2229
302624
114414
216224
121281
264839
211158
62814
285139
138094
277969
267226
200106
136450
113854
25654
309620
263865
312735
245675
221163
236762
71758
193800
255655
303274
235858
288437
4914
248200
288626
255328
31843
221773
30643
181833
284490
75204
287345
274123
181442
83061
309780
273365
271843
276508
23250
133816
97731
203139
264153
115574
280083
98654
221136
262614
199997
51169
262752
80496
183246
257575
214996
45302
227800
261465
99420
71118
289159
64757
220076
288657
246032
301372
38741
32960
157481
312921
281803
225441
44486
307697
241079
165558
83918
302414
91938
75928
234204
221125
236661
235445
219627
215624
217682
116982
241573
147283
246073
218802
300463
125429
130233
100724
276618
157283
66603
296898
201198
99726
114552
95859
144399
217720
255088
178105
85015
196729
215994
254579
208431
302019
8145
182316
62682
199745
208234
199809
58630
176633
25271
167789
259093
267176
312616
133516
3405
312746
247882
67536
145086
281828
154305
286504
9969
159172
56284
296013
73406
201095
185393
277786
311177
309385
178481
250240
267986
209788
242297
149037
193901
222265
313147
106255
228533
169304
253992
237517
307815
202124
184736
288297
7133
215742
210111
171290
182017
265858
226478
243807
3317
69786
253156
303909
307793
77359
231563
27441
187605
162289
119517
310949
165449
285260
296727
53318
23681
111
32135
264885
287414
308885
52659
259485
278397
223602
301561
267967
167992
214512
290838
148053
209677
32415
121234
167369
64904
234606
128000
252186
24706
271000
93329
280930
77767
225369
285158
189912
218497
264317
286778
281410
305200
306357
84175
57202
141077
158412
267859
286345
287094
25839
179248
101748
257932
181067
192246
134617
181492
212896
299532
294526
314216
154240
228069
141845
116424
296709
217997
155990
169535
239235
311226
305764
51690
239321
178327
215834
221560
291234
139181
295882
139385
218477
58358
176508
245712
86600
120021
262383
259468
251360
41258
288108
212455
257537
296889
131879
175382
215176
307688
297323
137701
181928
96921
266684
75403
108584
226041
274087
297907
192717
209431
289644
24030
241005
253914
299172
153328
90170
223645
226602
102223
137723
160427
60555
186187
81966
105133
68787
190614
128984
222456
218470
244800
90886
239339
151497
152664
94935
177437
304153
276389
66351
109654
69850
143793
222168
257662
250819
119214
251783
211944
205152
233020
160960
238067
151948
248518
213432
135037
152457
72227
277357
198803
131816
206364
38645
124318
89717
219210
259025
211410
253460
308305
285803
46813
114691
280395
275524
255427
274023
278565
110483
69733
141127
224606
59438
255314
177576
132893
278048
103343
209611
260622
68699
313682
253497
278409
228629
244539
219462
286424
229134
227535
21322
173361
211830
32819
301811
170349
118039
261084
208120
283381
290454
177735
209051
10557
291627
260043
41778
61555
208694
293004
162319
302581
38146
36250
28834
122714
255433
185197
293282
263031
169027
250894
209120
306519
128575
230654
213768
153036
180489
208140
9925
289410
274411
129312
228963
103582
302048
14914
136735
223890
171724
170038
65424
289543
203089
95052
54961
278968
254286
7217
57001
278534
265262
101576
128895
268944
203802
272851
294986
148118
168184
296199
301210
101297
227530
76232
122019
294916
306033
200392
289441
231509
15067
212969
238133
303524
262719
16803
95117
150235
221540
299703
214558
132555
87983
294595
280652
215168
310035
281344
251099
256834
237082
6303
308488
42959
212887
8610
20947
209928
157377
169620
298663
255179
160656
67113
199912
51025
268541
90658
14000
254868
96101
78818
234056
239668
147406
45106
313237
229945
116491
222202
287534
32482
311245
310249
156514
81471
6088
231002
55152
219619
74269
36625
3768
257466
290962
235399
276396
138484
278747
289744
116088
232186
219900
291105
82303
267431
47096
295500
214444
23400
76445
254808
270307
166467
281623
310150
301309
170907
89219
233269
258303
138619
197178
38346
275128
151741
276134
284924
255949
226675
107576
44896
195380
242992
210441
248295
107032
19524
255862
231038
159033
259416
285831
87686
275673
292943
287149
152212
67885
97683
293536
263582
82173
144058
227812
107916
198924
268240
275030
252636
242183
52430
274600
160862
132231
23500
8018
214049
303100
53360
283705
46964
72481
143042
17075
254505
268769
268236
112342
67459
126126
50840
77018
240401
225625
195227
57145
228971
52309
71465
187958
176012
288463
314127
203498
78437
44717
160100
68417
49188
187423
79763
310939
238802
177344
240083
285114
101044
134106
103208
259618
68611
17665
268778
208847
245467
91708
76745
281753
212833
138646
256857
114380
210598
220511
280926
7166
116666
310918
123227
76874
36383
168591
123152
311236
313073
189975
284829
45899
221624
152759
208401
248236
139347
227422
260001
145643
183388
159982
215728
142196
178894
140858
96831
298827
2187
238826
213599
249210
245682
65403
208192
208342
49404
28991
10379
47626
268066
306223
235451
9153
65328
152752
36356
266474
131316
116372
38976
32318
46174
186080
100302
4574
173171
229154
121769
286819
12017
215671
226728
275119
292365
233417
225583
231298
123969
233309
216422
276358
150782
307851
284949
218812
4750
144456
114035
216195
20723
255337
192488
186887
213633
158082
90905
148561
237395
269677
308972
248841
114583
272484
179200
295573
267219
272600
200974
231490
299373
263496
234429
231376
257279
110663
177231
200280
285682
74063
166051
41006
214292
287986
211716
245265
24489
313114
237701
203716
222118
239357
252654
79271
221830
79982
298062
59313
277449
239280
283717
252530
293013
200545
29110
312585
295157
187468
160483
94353
244071
42708
75533
18934
257032
224898
252981
296567
194327
102846
83979
115699
45633
256255
148638
194171
177394
280857
278129
218255
296512
25922
117703
272585
243780
242312
198578
133458
212195
118116
258983
302339
278148
113221
130751
112914
254638
169394
20364
110188
101943
289730
258093
246088
114426
12404
44528
157054
30778
84959
224908
29396
257172
210732
230690
253823
34847
252832
124024
14332
310419
104796
46899
259100
230152
105494
43199
226254
209617
312348
69249
300774
189959
282578
145537
18744
246454
272865
21708
245059
7798
242966
163271
273810
298072
249230
56426
39710
61031
208705
253707
185918
1451
311634
196612
280455
207453
240104
285015
198679
148379
242412
53514
305323
242834
189737
120999
293408
310690
182148
289403
142400
3162
248337
32513
284637
300587
244003
23338
77073
93463
276888
191441
187034
48406
266775
163097
299887
294503
54675
270078
256288
249666
115246
272826
120654
35504
282585
147147
229504
78666
232593
50472
309545
36887
64925
286717
270921
31058
97807
277592
7708
304085
296039
224209
276940
74434
40508
43134
246992
143727
108038
204848
119666
27385
57
4483
33600
246678
123620
146025
247122
292962
224492
311507
229746
136115
226321
161725
214306
266695
228265
278424
33029
21301
225516
263441
149493
270423
159721
99164
233987
133745
181548
241920
70302
230868
59520
89516
297351
273433
79740
236527
297202
225614
198630
190147
114732
218245
228926
22823
274538
40054
247496
250669
109956
278947
280302
275638
285782
95497
77873
230448
288791
113561
309443
159311
28011
15204
91863
57115
224875
241604
72767
131636
97572
38436
230074
107744
162813
296792
154911
102767
237579
231944
274982
89670
298652
64260
85865
231385
40861
212327
34432
95241
209463
224988
19887
61668
77405
137271
122606
266711
225837
154670
60881
287181
85935
228177
13149
149913
271334
168097
8665
135360
36177
273009
139790
264455
282807
104673
299111
247723
37133
78491
53877
46452
254820
261272
97587
47859
89900
294606
204226
249258
218713
198301
132786
167257
54625
208880
2041
36961
226167
8892
305713
141618
236754
260350
113765
67634
310757
245286
90683
302931
211646
201153
303429
242471
101443
26415
182919
303165
254736
195194
311951
285127
267198
5309
99750
66188
276169
294965
252374
45778
313641
252926
300290
297781
85731
280120
272710
302450
293573
7648
268615
180195
137878
208697
120361
41577
126781
293065
306040
259251
100846
68560
37270
124796
22636
35806
52186
137479
254310
28353
215738
52243
233260
150631
160355
112220
208891
295289
121037
310584
221145
312219
286427
280101
205594
224860
239994
220521
90226
122906
61331
265944
206652
311480
292662
45715
134387
206259
275930
38539
122288
275145
261104
155148
26805
214359
267978
54831
174946
212163
250748
38460
235489
1869
263048
226609
293943
120396
289660
208220
203876
77613
304362
238771
250163
41215
240472
233300
237287
186662
6519
277757
170232
257824
161280
72132
16600
196475
300843
305795
238861
49472
176994
116286
3748
216754
136934
274709
288697
36668
214364
253467
172308
180936
154040
262289
253196
289578
206191
66269
228559
296124
158371
107417
46300
219571
302061
300692
95473
190899
292503
284498
214805
163544
129994
25491
238854
239841
266282
38093
313544
122114
9723
274843
237961
131343
260633
194992
258181
243885
283348
216400
312284
208079
284287
150174
272098
137600
20750
156782
58564
296978
310411
229536
225868
48550
272278
283732
203959
300231
250399
118349
227415
46816
276348
255062
88058
53409
168068
30448
281888
232882
115911
174132
131016
70965
216594
275514
6574
261029
250112
227615
286791
262148
163125
252772
19070
56401
18062
97656
224371
30405
65733
77446
74968
106871
81089
311462
300819
216301
289524
169937
254467
270120
37516
235880
175972
237625
180586
209860
194485
288799
267885
130064
56912
312172
91130
206799
70673
264164
204062
99429
140670
21551
232145
311089
72924
22975
228757
274870
211514
43399
292931
211285
46714
107099
40702
18394
211009
19670
77175
198245
221207
269445
235671
106148
33476
222967
188468
207215
286356
82416
309063
168427
223893
223286
292915
300877
92717
304370
29356
264322
294127
92390
240455
129797
278166
75432
311487
81554
43779
240480
280978
61849
265045
141670
255998
268916
149668
265080
257638
155179
288917
69573
187882
76066
112826
259660
307163
134250
151977
93094
307338
46079
68819
42928
265244
263823
126026
247301
263131
237215
30959
215132
229997
119197
214947
313278
314237
230
191608
4306
219244
257415
216347
17139
139696
141190
25406
210194
257111
249164
266579
274183
187534
311649
282006
230354
233830
173697
239075
234385
151619
243273
62366
249196
214034
112713
250298
198146
278973
251183
285531
109228
78009
243950
306390
158463
303864
244629
26271
117177
22112
82482
239432
247396
256245
245734
290845
265417
329
115547
243911
276176
13534
242439
256701
171159
279876
231392
289877
278995
139995
258228
162259
51502
149997
254482
65001
279162
299707
192541
267991
71380
229158
233967
169160
55216
312484
27414
311017
296112
169275
242390
229928
238469
31617
294080
274924
285590
250257
249336
176198
191548
244319
303082
12974
285465
121418
145444
92959
257393
14597
172864
88581
91880
216443
129719
268375
171688
146418
235828
169383
127448
108245
237750
296878
219682
190750
153714
119305
216412
23367
222698
52596
233010
112020
67293
214302
31734
100269
32792
276984
250614
273519
24005
73133
5551
152183
306534
221474
57471
139504
294217
228357
258947
107225
291580
220626
88317
136212
13748
74798
216354
238619
256590
106438
146529
311329
145953
183578
267070
33833
221755
131999
11502
285963
183731
293262
14633
227398
131685
9242
302808
224677
211531
300261
310589
171449
29635
73994
193488
286812
1977
151225
216373
306629
15848
255756
119084
296816
189653
31872
110226
131394
115952
166972
283032
295316
161982
268167
266222
300447
279218
25684
233825
179270
140779
270292
224348
113409
276726
1637
110415
297332
296174
89879
147881
107965
121901
116712
209209
291667
23575
62484
93394
309556
239114
263913
278344
176933
243872
195663
278694
39324
204446
223885
50493
19155
80887
259515
306805
30522
301077
93622
215973
257945
274384
101694
263267
70972
282507
68975
148192
139674
159424
39255
187383
220348
270086
99456
175022
245656
129183
36498
204759
232117
181352
16443
186401
111761
294060
268140
231367
180100
263730
305631
202798
37549
291834
130173
300763
249171
305476
294353
133711
239246
171605
266232
90921
30554
88500
257384
12880
162229
287632
236581
166515
63342
45411
284865
292820
217418
312855
210896
78337
287134
213841
300597
251494
258517
179822
227016
268503
283409
266367
67237
4214
263055
108883
196299
12846
122565
2143
176572
234230
304943
309786
210211
191829
313934
131792
24765
31315
8789
27520
234965
288542
