1451
28173
256233
110042
255222
106525
216443
298775
283605
268272
75098
245675
262965
285945
230
192408
266935
294841
135650
286345
274852
32482
237504
288297
12222
173035
124478
111311
160656
123867
134642
141455
72767
33029
214947
236832
207660
297593
234204
23181
227398
288470
285949
237044
254912
313278
77359
228944
255314
173361
225977
249429
127448
43199
219819
167187
205086
270502
215263
87263
36738
140440
305476
98565
242318
152273
285963
296978
64292
191853
294526
275961
191608
312855
209120
299876
12553
120566
70493
68395
154040
218690
288463
297417
228979
276039
272851
30362
310339
122451
17713
115062
266965
234029
11749
255158
302979
192053
312172
270059
259416
41099
55152
17580
55819
168184
291627
39291
119489
66434
248236
10815
69733
263790
147570
195435
177065
248470
224946
272506
276130
36498
290613
24276
310230
259821
88620
193352
220066
203139
241015
296970
235210
239668
224383
191377
116666
111
136545
167121
128984
138567
258051
120120
152368
276879
101127
212479
94425
1078
244820
30959
58564
202367
16443
266367
4167
158537
39092
41577
7427
231054
302214
131267
190147
150939
161920
235451
215299
187774
274183
196729
140779
22617
243950
301257
302868
232421
241264
286427
158341
129463
49304
52659
202890
143626
36961
126170
282096
266222
296391
94353
18934
237750
294674
241711
301233
171991
215702
33507
79351
150970
223524
254474
256255
40702
301687
193488
158142
287414
156782
224371
126959
104930
298072
164873
206890
285803
179547
66269
104383
233645
114991
192488
4003
178226
84679
129081
265244
220937
107965
235049
106255
79648
63661
243854
234965
312308
198195
302420
107331
74269
233967
249027
71707
265677
300463
213633
224192
263913
291834
52879
229186
286826
111549
230515
236523
286500
29110
72535
89098
225858
210509
169952
298672
265045
247428
174346
96638
61031
49854
254416
84959
271334
300774
214483
106065
238854
285015
293262
182564
116835
182148
300623
208790
262278
232882
222456
113464
174132
62593
311036
299532
238796
285465
239625
310584
308274
83979
211285
295115
257353
220054
248678
72268
77073
68180
163481
258933
81398
145021
252535
272714
97829
16744
97345
214610
198803
291154
305283
12622
73808
180100
227923
17767
105320
69482
177231
70720
299150
204480
55697
107744
159721
13099
58051
136330
46816
181492
298827
313310
166680
277810
77250
99726
307647
239990
116611
114583
297323
45899
212942
278079
3909
303534
310690
108990
133458
239015
12017
226609
230868
130612
264829
214533
125084
165019
218802
253213
135731
293004
191731
281652
71354
304497
313530
229688
0
277902
273506
159522
284766
100142
277757
130724
230354
307793
282438
103001
132206
232531
257433
50840
295992
198879
251494
111242
217957
167912
135677
174233
110188
256442
216102
272437
112342
313764
98972
123913
174421
259734
183246
259025
293943
96347
136368
208401
214059
3704
127072
190822
279401
87983
263582
161964
240022
59754
187034
307348
252186
272585
178481
145178
270696
78009
251092
209860
117295
313674
106090
113060
99336
41997
170134
298423
102476
308479
288606
181833
270078
107789
250032
1310
211523
278056
183388
114513
253080
301479
92959
42184
288708
313166
183602
223606
113724
146857
74968
87620
144519
259485
158463
181067
145537
176508
235476
193118
301309
255172
230577
192806
252832
176633
235940
292962
128348
260592
221163
42928
256555
178894
209788
5770
258690
64367
148379
246873
173858
188403
294901
113765
22473
202963
241839
163947
15272
19155
247406
281904
209671
224623
194327
61897
278794
237263
219210
230441
246157
251713
254248
265610
272865
52731
247525
115170
81635
212327
305860
124969
145745
295360
204952
125937
263714
203430
102815
301279
303100
32292
277786
285718
294916
291996
144751
63681
128237
211276
119305
256857
158569
311119
295036
290962
97807
314237
56476
121537
283732
172730
101357
59482
18522
270423
179987
70080
208140
311177
243095
109228
194992
281410
289614
208705
47786
57145
204062
219219
97469
138733
76066
143107
43779
23400
239357
58985
231417
42959
93957
154434
163615
9925
237082
71059
112914
201498
267919
280395
40243
310757
2617
114035
277347
85229
79133
296898
201677
227415
257331
72578
265254
70673
313073
63342
13748
33682
194485
309091
34248
92316
234472
51025
249666
123969
311507
212404
98726
260382
119754
177651
9969
38008
224270
293408
19887
276348
223542
37516
128647
194171
249442
168068
110122
114552
272098
76962
281344
222825
256410
88317
110301
212443
313934
192338
135092
147023
184493
258900
38460
215449
285815
169027
295516
296182
215728
215973
222637
222884
142344
26638
50627
221586
232343
298078
215224
21119
170907
29893
149913
100724
82173
240401
283325
311939
308337
91228
283032
153933
109449
159776
121698
104129
279422
193029
199062
43399
230309
208891
133536
127018
35674
212163
305795
15654
23924
253439
263899
153531
278424
307635
228757
142084
97285
253775
312735
29237
258474
255862
208407
242177
95383
272530
47278
152926
92685
32465
7798
280978
237005
14106
85283
116088
74082
250042
131999
241890
37323
262107
283144
303044
63609
195380
249258
57783
282716
41227
43342
58533
144029
170497
273119
286778
267023
294114
235984
103668
204848
250334
46079
1910
99164
83024
301553
4259
22823
158180
304060
239691
267165
254820
288126
193281
255321
148958
254488
201402
217475
49521
263055
145906
286504
59812
10593
276358
230013
6444
234655
86857
289626
260581
212559
23131
280926
159109
187236
267978
142400
223602
187586
222775
275638
238542
108526
210432
183513
196250
282006
268248
170737
152628
11502
72764
290629
293561
94516
292036
252374
254310
83117
21880
240958
206070
229937
149469
239398
245685
247917
207131
234800
168498
283857
225468
227825
228629
233166
123283
252986
246183
177437
297218
162720
254613
202201
161982
136115
271432
68101
156174
152183
273519
258013
302898
31843
155148
276457
208360
63323
53514
189959
300065
225396
200465
306629
180363
215567
217997
251380
234457
195227
132679
280455
303628
216347
286424
174248
170436
85865
90921
242312
314048
66113
275673
312321
222983
196990
305436
257227
70972
239612
209898
233300
259100
254579
252390
257959
24167
304958
292820
33786
299664
80020
306200
307851
237767
101044
203802
82416
270086
218627
230690
205152
242643
228298
310282
280083
313915
148255
50381
196850
161280
28119
99108
18025
16600
281922
118949
102767
265574
286356
141860
236675
192882
29396
134387
229945
20947
179446
41523
246316
210479
306212
83918
172308
256590
109322
1007
251129
64973
32625
228923
273177
254326
298765
249153
20750
310020
57471
82482
145953
253109
310355
182828
299558
280120
54505
35957
305631
194613
284004
264347
155839
228684
36859
27441
161426
217360
309396
1977
95241
63140
187383
46300
110226
17955
32135
195822
95001
123152
226254
2391
231385
139566
276383
307011
234014
300763
119214
243301
294606
197129
257121
149037
193901
329
130751
232028
43613
288115
311296
274232
231298
257953
179674
228177
246992
256288
290191
173061
268615
135360
157537
164519
158290
134423
296792
242439
13196
252772
255756
297907
159311
119084
252144
134617
146145
198245
144259
186783
195768
119517
124722
208842
65658
172076
142196
185197
108435
268879
237961
238648
227535
157023
249577
289559
24005
236701
22907
236482
243670
218231
292503
71524
252968
85571
65833
171721
191046
4365
45902
15141
89516
70549
25839
135518
35303
245411
297634
309545
300810
211314
251234
228533
139385
222967
29817
154402
169383
292640
209594
233244
168664
106871
255088
226079
210527
196918
166134
253488
25189
258947
296112
279876
234647
276888
257423
209044
221207
243103
285158
277888
262602
301245
217924
72857
287149
70785
254007
168591
276984
163763
245456
102276
78491
272431
26488
47398
269712
68787
134185
47563
295229
304932
18607
303037
253240
139347
249196
112220
181884
300819
10379
249311
31315
128932
303780
19070
240472
144687
70902
268080
269930
260616
96466
129183
237167
250748
238074
278973
234156
2505
232095
251174
230727
224365
265944
193596
164204
289877
308092
287792
13337
284287
295106
266695
17477
287401
306069
67237
258303
301449
23575
61486
296124
276364
210111
28068
221589
211944
159982
203987
252636
202651
8665
285662
176110
183691
305713
6773
16190
252001
213645
48789
160551
259626
7258
63902
134734
23367
75986
310930
294968
171688
233328
295500
75855
226041
114191
294101
110241
73406
285147
103837
142741
13644
127402
138484
301210
228503
209148
260485
127770
225098
243885
38782
262973
234124
214555
237850
212369
237458
275955
125518
78929
309818
58630
78600
83319
171102
152759
153875
246582
287986
215087
238110
307153
276169
208304
107225
171605
220408
99594
222645
90124
46591
142969
112713
158839
3636
310419
132919
262614
146904
178327
227668
282256
267431
226030
253811
95937
248360
47044
56685
86229
246526
305867
169845
59740
213532
58484
288038
301879
244808
7166
27135
119928
187123
288626
269821
248841
242390
279888
271572
239075
92390
14211
260756
242806
280101
311226
247019
70838
265858
239408
43912
105133
262383
206799
253914
286819
244542
99833
265417
14000
274924
81340
189503
27916
40054
284383
276114
219433
89991
22221
267035
257737
72481
147823
82039
274968
309701
230897
197294
85731
17005
21023
216195
179423
213687
148053
237810
98654
222087
145422
245254
217397
199415
288108
285097
215994
146611
268769
135995
238159
237472
101494
274678
242660
234756
183330
291580
51826
42708
253190
134932
89238
285682
33600
126781
138983
48550
310589
229511
259074
256280
168941
251807
223684
72924
300261
115771
128968
97087
298635
245244
56538
302437
211514
167027
9138
227788
310722
137204
220391
260633
84786
37063
148561
264582
278359
222188
160283
129152
71615
151899
274142
239561
73002
79271
299395
139674
68417
143401
282771
307338
188969
85809
313237
188820
246548
217418
179621
138274
275530
7217
214292
294823
152212
87961
139656
285776
3768
198578
78818
233825
220287
276371
3219
166289
296542
245467
221851
288542
303808
3842
141127
260156
196002
182185
136824
184109
295882
288799
294797
33918
209124
258258
247864
210558
21301
169762
233830
209431
177344
135228
143793
276134
179822
247396
191441
268541
275299
310636
263373
234429
29504
217891
176012
237215
240653
241104
265532
97397
32415
16655
312628
33705
254482
214344
302414
223893
21462
88955
226182
22838
113172
43470
144679
207757
214469
242183
47096
41215
310154
149321
102679
225090
89879
273433
135373
20066
241852
139696
285427
231243
93677
99429
61668
241005
280360
209770
64849
167268
62814
87156
238188
53318
249752
78666
133711
32513
19992
54961
42351
88696
177709
161038
204674
130719
243807
153328
93320
118526
304313
61249
249963
168246
225229
295222
246678
9069
239906
45020
307815
294443
148853
77175
12404
242002
212887
68975
14716
133745
52134
271165
200302
284276
175394
273778
28688
279598
204168
227016
119891
56426
4750
28277
51114
305943
94014
106148
82732
180586
177879
206108
310427
163125
118039
305545
150851
20450
130173
262148
256701
280761
74063
34001
287996
257441
291986
245907
222371
134774
21675
311622
45533
109787
182974
103757
105574
306519
249608
63512
163362
78983
106500
296878
133059
268778
289528
44130
147406
68879
47914
254904
125852
55015
287731
111843
242471
218215
69249
140736
265918
264455
238103
303418
21951
260520
197814
18679
73133
267226
16867
274106
267885
288241
72408
43298
131394
71582
216205
249661
50472
212892
40322
216185
95187
100886
26415
234606
66001
73470
3097
178105
130825
30983
189931
66975
229992
312042
131410
141845
275128
144170
153036
79929
190353
209617
276940
73549
72452
211281
224468
162542
297775
226944
288255
273321
3162
211716
280930
287026
230029
224492
64174
135742
74434
102034
21386
21626
69353
123620
276049
250112
162925
72334
49404
171159
219006
68611
75566
304370
196612
302691
136934
218968
206458
276396
215168
43569
295778
241920
261528
259782
112944
8439
263267
249230
9153
300455
282002
242992
265080
212462
44896
244230
65516
92201
247882
247122
192717
311017
309230
228971
164626
53096
310181
167547
240083
285139
294516
257279
275039
222513
299097
37751
289730
170820
301811
222614
281211
169974
283454
304351
208312
111935
121342
139504
158914
67885
255383
56200
294566
145232
246454
299172
266474
289496
267339
297895
207934
243911
311351
60461
270307
170650
247301
225614
137422
204906
180290
226290
295469
297918
144933
137791
251925
115699
257824
205729
48406
183916
100846
277357
301083
73347
303397
304757
181259
18394
248497
109867
150631
135922
47291
107032
167475
226966
221145
226602
85200
31058
175344
285531
216686
44026
227698
197727
69786
53446
7109
260835
305200
82994
312921
149540
257466
73994
87355
228357
236527
254781
277731
141190
105494
299476
182868
300692
287363
163646
307173
305639
66856
290454
293013
104673
263260
242272
218812
60952
232743
104720
228187
255890
241403
224489
242697
287489
204408
127628
262594
251705
301167
302835
156426
209051
52084
156839
248077
20717
310706
19524
304069
5253
37414
245666
213599
10058
238013
255340
308254
79563
234056
157288
57115
38436
6986
289744
46204
222789
73942
224875
269649
284637
25491
311236
185311
272091
49188
226057
216117
296234
256084
17522
188319
257913
10448
179012
273379
294073
126425
26901
157377
224096
133922
253636
268140
276176
146384
81471
9307
75651
121901
275380
278539
311951
145009
34432
264322
11680
186499
263292
152752
17139
218698
220521
187294
187534
82893
64757
102223
297326
264201
285712
211531
25406
283560
118793
99852
60787
115246
55791
296174
252402
78162
38589
270895
54831
31872
270222
208204
33406
7708
80887
287842
90658
310897
127172
299904
144440
98180
295453
264647
298062
6915
263463
188378
151741
295075
52904
128820
51985
257366
311312
127824
250240
257945
20723
282088
153195
90451
277146
247621
275846
139293
5551
241788
250894
213432
59071
9009
175022
191690
277775
242384
254286
105388
183731
311134
194735
154911
114270
286851
232351
7894
244564
252822
71263
219627
34847
286464
40508
170349
271150
289065
159938
297742
256020
273491
195900
291105
175170
250834
214497
88396
202124
268316
198495
297048
189912
269034
251534
179895
220460
150782
27691
226700
247556
169084
1474
117177
290243
303005
191521
79740
112092
231586
158371
185174
67113
162229
218245
93394
137500
212875
38346
122565
79763
122288
226586
175318
41006
15794
231038
212064
190289
122114
274709
203639
242966
222043
51064
286521
166893
283717
309620
91170
266579
28491
152977
276726
202798
231002
3557
154240
292937
155555
292915
302014
206980
288917
187863
287715
40941
198301
224988
147634
220626
240239
249210
175426
43118
77899
246124
304153
234612
207039
254702
242834
124024
273389
72132
266640
148725
102063
287436
103416
39919
230074
149617
167369
148638
161230
2187
112737
214892
208220
233340
241876
266147
304569
222168
284865
223569
293045
142516
232334
77613
12713
218255
81759
183578
24706
113669
160938
224860
273786
135037
137878
228553
266711
178421
46129
287448
258955
287465
4574
296538
40149
311151
307
225728
233207
267198
222584
53935
103208
206652
244003
156956
287534
267782
298707
68556
64904
103343
173171
16342
208120
4689
287012
187468
256459
267525
96327
267418
282747
243931
163323
204981
190899
108245
16677
185266
303524
78109
238771
313755
254763
208847
289327
222118
250156
36356
294836
150703
282725
302450
250669
239863
168641
212425
304858
23338
296965
268330
98302
289543
303165
297109
210587
251141
242432
62000
161796
90747
230152
309824
247375
227812
101597
195531
248865
280312
58281
260622
277135
243762
229997
208342
223708
283902
253497
219985
260043
281123
200700
155179
280426
226892
45778
10229
144215
48276
36887
39498
143707
163097
164712
113357
260350
214318
311454
193800
69255
296013
209677
253992
296856
185349
290025
248200
223286
241819
258535
238335
195194
216359
251352
231509
125286
62484
272681
309385
218654
137413
217442
240111
21051
267176
210280
269610
270351
292491
212488
225369
289159
83297
225153
229885
112297
95682
189844
248185
73059
80220
66480
217187
92717
77405
10729
177110
169535
111479
134312
262300
268167
65328
164386
237689
274843
178840
187605
159577
266594
255427
50366
16284
212955
250390
280769
3898
104435
276389
294353
121234
83061
222101
117038
291309
156514
268236
215216
2591
68499
132231
186187
133647
203498
275132
268163
107099
226167
191148
99456
184218
239225
90226
52243
262713
299598
30778
268066
226955
189737
120506
282585
236202
75736
137271
10666
157137
189975
212157
250777
209180
242205
131557
275554
252007
251913
45588
302339
233636
77767
115865
136664
29356
309556
88058
274087
88646
67996
173632
277209
252023
282515
9397
194383
296199
237229
132786
73651
288614
170232
78337
313263
266988
90683
299373
307168
168367
230525
284983
277188
56783
272087
256245
226675
78862
71380
125911
39040
24765
180697
304911
212472
227422
82580
6682
89818
69061
116832
137381
51690
223758
118150
164083
289795
93329
228042
219571
275145
216787
221669
252381
48701
157646
277033
169160
143894
249934
297650
294080
226635
241042
256809
268996
284408
309214
245634
179105
308032
306178
92184
303274
262719
8728
73750
264301
12114
256882
215009
77989
99966
301462
214566
221856
236228
273315
65424
194757
46813
186218
75753
116592
114414
238619
219806
247607
90170
209199
15347
46464
265262
87507
260844
165857
236889
181928
213768
284498
311988
148507
313709
64093
218731
227653
262824
239148
259121
34684
278148
235360
100020
298814
205798
293573
222698
151027
312746
707
248699
30448
257995
310249
250327
270966
239994
40861
225952
224463
231563
255352
14780
176198
227800
285822
60727
296512
123767
173914
310035
210598
100476
281277
172864
274650
216984
84956
288473
141356
83378
134887
208857
185742
91863
100937
294617
233402
24489
54557
296727
87686
309086
185918
253027
162492
282507
14597
45954
152839
128398
289519
237388
300688
246200
280449
223645
108584
219958
295137
105716
6201
68699
286923
32572
96101
216169
140670
134106
278565
208697
30554
253729
211646
85685
191548
224751
179752
258974
128000
239235
211142
233020
258076
93893
92894
178772
29607
125429
210896
209928
261603
103465
187175
257537
207453
154157
84087
126026
55630
414
229154
156108
256834
22670
255363
248488
202630
200531
173754
247759
150529
171563
157962
223201
117952
82832
15704
264022
286791
128137
265086
74570
267509
284191
41708
283409
131636
262730
29913
49966
293609
226622
287677
273414
119356
216774
221560
133714
76745
133993
249171
225542
267345
35864
250819
280564
80496
295771
253428
306223
302041
245734
79392
221136
104796
53812
261272
163544
178182
138619
89354
87938
251569
232270
26366
267546
237607
213442
217720
58358
120361
9723
129994
270954
62366
208862
279753
302048
298137
229864
196950
56762
60881
45228
221624
272710
63392
235351
32960
156707
282292
256567
299137
29997
98234
204301
258869
117379
312219
109399
229158
1386
237701
59882
93171
242973
162058
177799
289321
235445
5404
179270
105177
19830
82648
214095
149668
221351
7559
136735
98468
209904
38892
2884
292943
280482
305826
308551
108883
96999
172350
85317
5170
273700
253156
92835
39790
252654
278166
250298
232062
29635
86700
169210
113221
287345
77040
307468
130550
179126
114732
165810
25352
165096
278409
292365
268745
259037
274538
112826
222202
242498
225244
290907
120473
248157
62759
22636
236168
180398
131816
309063
181222
262543
76592
297351
297332
298872
310939
22738
91880
165558
83874
128490
111877
192246
304162
263889
239442
88500
305340
234715
100302
245059
272526
152033
219900
228963
218611
81762
44341
155990
294770
154670
285401
10872
84325
91130
108972
288008
304444
237375
57364
312484
141204
122606
290203
288657
44717
30522
167679
287452
279162
234935
102656
245899
242738
267986
91650
311531
130064
302325
217731
311202
216754
27772
273009
106808
96385
94094
131316
54398
191463
24404
299366
243273
218588
310197
293583
252668
175878
161165
16043
234165
275030
218377
66188
119438
237625
26805
267967
97587
284924
309432
168959
299111
309780
237416
244242
45411
201285
45376
76874
253460
294469
282456
53283
220529
218636
175972
78279
134543
231944
114012
97156
26708
119049
297661
281761
174715
50022
242421
293065
272775
250981
183441
278556
284871
199997
162641
226629
131685
6519
66384
59673
303261
11042
277771
272026
217407
25050
264857
129654
171449
57878
124213
42866
121769
123227
285114
297781
28565
84453
223341
310313
17293
219462
234212
265154
217744
290824
283348
189069
249673
258093
110796
312334
225755
154305
171290
268339
86463
30643
69524
210145
208391
183128
305531
28011
227028
204446
34770
161310
96441
251330
143313
232431
155382
123415
274384
122960
257415
99420
285782
262801
50725
104196
128575
257795
37837
258517
274982
2300
120813
75403
273758
200280
268799
80644
226783
236289
251783
2041
186080
304085
278129
39644
165449
277800
107646
225215
48031
160894
67634
16497
67750
197480
116372
270921
102828
92616
172504
149096
115547
30151
203580
50005
51392
198679
185393
33856
203219
207477
39710
5066
74382
68819
70302
289578
142766
261029
213353
127524
112371
224908
177735
63529
159424
308000
292931
139919
96200
257514
7735
201914
145492
89219
254771
284907
232691
242782
61483
311143
4540
38209
43947
216670
53877
113540
307253
256308
97572
42248
32712
286723
187447
230448
267070
20264
31617
209530
103974
181352
86952
222624
88581
138792
202050
311342
302090
149493
257814
124922
160862
246333
237667
57629
270120
49263
232166
313256
35182
126389
60555
204931
222591
132555
224442
70051
258228
50425
195731
282578
259034
314098
226906
300843
201095
39108
302019
134963
110650
223890
182316
306040
70965
194270
173988
253196
291227
19670
254638
293102
18744
312603
186593
154809
309832
211410
220511
264034
188653
197178
136450
150370
13828
172329
237533
295850
76537
275947
245474
130233
24030
174035
214049
301361
164820
310202
233594
127694
285764
313598
310240
302315
246073
9242
180489
32018
302624
246325
57
88742
268923
88863
208762
312652
95497
277748
231131
41778
18996
225004
299571
47352
286812
206020
101576
104848
237579
287277
12846
86668
274870
33476
277449
203089
245712
262217
22112
41290
26271
57001
157582
93463
238826
264164
140858
313345
70388
77533
20151
199111
284949
151360
245265
247008
214306
238841
126277
274023
177576
72672
255679
264819
274050
98414
210495
290539
120999
252703
65172
238789
290845
288791
167567
32192
215753
53674
179373
312055
224727
118863
300597
212962
200106
181442
218016
264987
131792
268944
234956
160960
185646
257662
190750
156594
209229
248313
284457
20642
149425
242247
201615
229978
9118
227248
108373
230674
86774
274115
301561
13396
244854
209096
203363
216594
147147
142880
37938
71802
274808
301161
155085
275119
79982
140651
23464
283331
21322
129719
161725
266628
189370
264153
242399
83683
154743
54675
302947
116897
61617
143273
219992
290706
270863
223073
262194
235828
120537
298107
109956
159033
65282
227383
160483
235848
125675
285590
242412
312907
230718
77179
133179
176572
290444
225441
262535
260829
153714
300290
188218
302653
120734
101810
166467
22387
85935
175840
263558
301432
49117
56072
224606
21234
234420
263865
278534
80034
157283
186146
238133
103917
61699
50047
2752
107916
297156
38388
236754
113140
103280
50192
97972
101297
314111
245048
301192
116424
294622
119820
37270
63953
74798
35504
124394
297001
287134
107508
46452
294336
211384
208751
222757
294722
67293
286481
190614
15509
164888
105227
204709
313157
153236
1869
74166
290889
231490
235462
42416
69573
62475
53252
12880
77446
131879
81089
313352
173697
138428
272234
242477
170379
3955
163271
255068
236661
293282
249693
36177
191603
211845
216747
230238
193533
178716
232104
288697
295958
300713
44599
66542
278397
130397
234415
237539
258525
279239
211009
4306
237490
41693
250163
489
194425
259251
242297
298991
220852
51434
76445
250614
4214
277980
270066
291842
237523
157481
298280
63190
262390
212201
233927
191207
300877
248619
281339
212637
236160
84386
241079
294060
47460
219502
124318
814
280941
307697
266232
242819
36250
133816
165401
65733
149621
222393
206259
184863
196299
281349
86600
277823
23740
239877
134524
149341
247932
107158
263441
289441
284505
173003
117703
168314
69941
182773
215738
305176
190236
234633
113561
221830
169491
268524
31210
59163
4483
81279
229289
212071
5495
194851
209611
297733
313139
117510
144133
208431
188080
306357
53360
223885
52542
94196
46964
14461
96831
178637
57416
188911
254264
312885
37622
116286
225534
229072
52966
308240
184736
44266
237395
201343
247364
26515
263823
224882
72818
233417
255179
289447
276508
97683
31734
311634
14301
215834
142614
120059
55336
52596
148192
225583
303051
35760
216840
290599
81856
72227
244539
271843
32792
49035
308972
263730
8018
128762
8366
33833
100235
185125
223530
42603
114691
210211
220348
191829
44486
115985
257497
216412
212312
97656
254467
121119
199186
111425
77873
248604
8610
154586
260020
28743
102547
281638
292662
104233
287041
275930
30405
310321
141618
197944
59520
308297
214558
174845
139995
50219
281700
183271
35806
277173
168824
251099
204759
141077
23681
118644
296557
25271
95591
293536
234188
59438
26777
254736
218497
190944
93094
126634
48467
215671
7053
297171
19550
310092
241986
255337
310376
263031
302061
209842
291398
158082
52186
211660
312729
84231
85452
291234
17192
149258
285924
172209
186401
307509
250604
129939
156661
82303
302957
101748
311487
266273
127940
64488
196126
23250
281587
181393
198120
49577
226300
17665
182513
247496
181431
270925
162289
201864
28991
121418
307163
269237
192568
110415
73207
227773
191486
232730
280035
54845
257032
161871
138646
246554
49668
230654
114380
209567
273021
284490
265057
5362
214364
267874
14332
290214
2810
268726
180743
51346
4372
74856
226737
305452
199000
189653
7466
132374
278048
87752
98626
264002
313736
102948
311828
256893
312284
52430
90838
312688
25654
86131
137076
241037
263422
71465
41489
248975
193989
144565
246474
91708
38741
129014
303611
30844
131541
83508
239592
36436
254605
277969
208079
45715
224209
137576
200187
289410
219537
258553
255581
148833
187423
196475
243872
116168
17075
266684
171926
266238
