285569
258228
65403
53360
69314
118949
114087
311202
156661
272278
268745
17522
252981
128968
96441
283717
313345
289321
252402
308120
142614
277902
222202
15848
126634
296567
70080
279623
158412
259782
300692
183441
111242
164626
146529
208220
194757
235351
281652
103757
22221
133714
62000
64292
275128
265022
224898
15141
148507
268364
88317
11164
118718
232906
54143
281861
217997
37751
114426
175972
145745
274989
285427
294617
251534
139790
227248
207131
276032
56719
245734
222757
173061
251713
241839
7166
132919
27266
64849
18412
209567
254488
73002
6682
246554
141997
6088
307635
306069
203363
43696
202736
303051
214996
108245
160656
13828
2752
213442
222456
291227
35504
108990
296542
278079
134963
13748
257737
297351
258181
68560
142741
289524
267653
293807
135037
83117
282771
51169
247607
250981
99108
230029
152435
218690
197961
141919
302090
295992
256555
233587
194425
175344
57416
82994
272540
284034
163947
97572
173508
220738
248975
209096
15985
147119
134543
156302
204674
276389
256701
312616
307296
292157
253811
173003
241847
272710
111877
256795
93677
41523
242183
76537
94760
129183
224918
131394
83604
128864
90747
261528
115771
75533
215255
228559
58166
229937
226167
169535
289744
276176
274518
114864
242032
264647
222967
222087
289327
94516
185898
285531
100269
211514
158914
150782
175382
230993
199809
242697
48031
209148
212425
276358
311939
253027
215738
105388
100235
294986
27691
71524
229072
222513
223885
312640
293426
90481
295157
274524
156174
290243
7258
169084
286723
161920
60345
160283
141860
81279
289644
229688
165151
259626
284408
190550
223286
207503
250390
150370
117038
220626
122288
37516
59754
253439
267418
106148
232351
184758
47460
280941
107032
110042
202651
102767
239592
102063
295778
312855
174791
259762
310207
233309
252926
216224
289447
242942
262300
297742
81856
111843
295500
290535
310133
89818
239148
302450
10666
127694
268879
291986
163323
99750
303534
294901
216774
271572
131477
254714
160960
311177
311312
59520
280363
167121
283331
93329
87620
250112
305764
77899
125937
255679
274600
138094
198245
234014
245685
215224
142400
80806
75928
284213
6519
163615
102815
144215
267919
151948
222645
45778
232186
175394
17293
149321
15496
16043
256410
201864
11680
113409
211496
215263
1386
284766
211660
84325
311409
292931
273389
311151
301553
108038
274932
122714
268066
135650
44314
203639
292915
36961
174248
164519
247864
226290
53446
278539
295229
246474
311351
226635
277748
89318
285924
149617
13644
82832
310355
138646
84956
8366
215714
66802
260020
309597
235828
3898
21322
266402
175318
210558
308488
302599
1310
286851
228298
4372
237005
272026
190614
232145
42416
236202
231131
299097
313263
286356
95117
213012
249311
257626
189931
119928
8789
254326
209530
137723
164873
59313
93094
271165
103837
49966
78983
310636
107965
144324
270954
114414
313278
288799
128984
70167
246526
172504
63661
74382
236289
136545
108373
191548
285114
217744
61486
187958
295075
147255
230718
145953
26515
143042
159375
191148
211285
252144
235399
314048
159311
193403
115062
228684
2997
38493
152033
106090
247882
100142
214805
34140
210509
285401
89879
160051
229536
44717
232392
300261
280035
85809
227422
159776
257662
245474
309693
138527
83874
310411
296898
113724
225858
213432
261909
288542
252421
81340
77873
41693
295771
269712
253040
57001
40625
190944
111935
217682
122451
20723
45020
214610
254661
167475
262217
182513
225468
68417
153531
302019
211288
167992
298672
258869
302325
199111
21675
207934
209120
288614
177735
256308
168184
224860
170379
301479
69650
175077
51392
23131
5170
132374
140093
300491
230674
305826
196995
266640
196729
278534
301083
219244
112297
273315
219502
283991
265010
222884
294674
208697
311143
51025
171688
48467
19413
146611
241788
213633
131557
309532
16096
86700
266711
277033
41839
267226
286812
258983
91880
103363
117906
98414
123767
120120
144519
160894
96347
217891
302868
268695
257331
53625
213908
5655
285541
276364
225299
111683
24815
265918
141618
162289
10557
80644
237167
300688
250257
40941
203716
67634
227039
122960
208862
279888
2041
268655
225542
8326
78162
295962
123913
47352
283705
287662
170436
20066
219462
16317
204446
243103
276049
68556
226478
303274
239114
89670
137701
85985
63797
257575
146857
264347
22473
249442
143401
172935
55630
215299
245286
217957
241079
187383
222265
296792
288038
69255
215104
221669
243950
19281
36121
104435
273009
257638
253992
97345
163646
76232
54025
145643
1474
214988
118278
115033
296013
261029
261603
276888
265954
228357
172350
309432
251569
93481
33705
297218
131879
245456
186218
312098
187605
312885
48789
153875
92717
291996
301192
262148
289095
129719
130484
25684
205152
217397
198901
282564
283032
24030
259463
311371
37063
45106
78818
232431
216412
151225
134524
289816
64757
13590
255742
64093
157766
124394
31843
270580
168959
23575
185393
178716
25189
197557
206458
209778
279598
231298
210441
257032
243900
178105
49304
253265
3557
292491
225977
274924
120059
266594
249693
294965
293609
240104
280487
226622
205497
93622
284871
28688
252949
30778
278685
289626
46031
181928
119489
176012
105227
196126
3909
172209
173754
153714
128575
70388
14106
224442
117794
246200
295958
228541
219819
242062
192338
265238
218377
306026
304454
127072
164204
284877
166134
99833
116168
160874
58358
83508
297417
246325
87507
7109
230868
267165
71582
100846
125084
57783
281349
297323
187447
251129
224392
306040
70972
196299
212974
21051
296937
274023
154157
108435
194735
128490
292279
82173
45376
125429
214892
289147
308972
288255
280769
243762
175667
116424
224209
150631
230347
83378
222637
98654
242498
297907
251705
41489
295709
40322
311622
157877
308772
313764
201402
180743
218627
222591
44896
221207
116286
270066
267986
249258
218968
160427
11934
211093
120999
301372
95497
228553
305713
208199
257497
244230
176633
307767
159870
101688
22823
197178
274078
215307
38645
206652
258553
130724
210116
39498
66480
248691
168314
32712
126781
240520
301161
157137
189844
299172
230
181393
266579
302414
193596
180195
39108
157582
251141
305612
264284
199561
130751
234956
60073
245634
290599
157444
273810
266988
294336
216102
9138
231243
310897
220391
59071
156782
209083
295526
228926
209611
251791
188653
21551
113669
249164
94935
269610
234204
62254
258051
263373
294114
282002
263260
304569
313536
227978
278647
23181
223893
284907
208880
49739
118116
236581
210280
82732
74968
63902
224331
290838
192717
285822
268778
136777
36625
51985
14000
285782
288908
15704
41227
191608
140204
255669
257959
215994
197480
237388
313139
266282
259485
119438
71758
139674
179752
31315
304077
218713
296391
20765
314127
242205
55493
84175
28068
208325
280083
97156
136368
139504
39291
215702
196612
217187
159033
263363
73651
135092
238032
63609
119666
217519
211646
126026
36859
49577
37549
233244
93764
292673
127235
283325
53152
290464
121418
301210
228503
288839
26901
65282
313256
299598
3162
299111
117379
263131
158463
310339
154240
268330
74856
168941
71465
14332
92894
265847
255756
286819
257262
281992
16284
277135
45533
103582
289704
263899
212488
266695
309620
20642
191046
307688
87412
227016
83979
206259
142969
17139
252254
286481
257404
37434
217430
105494
168641
186187
72818
239374
270925
180398
29110
235414
180290
244845
227800
289410
221145
207660
46591
114991
238841
185311
129312
155148
187882
311454
213794
225396
183578
82482
252530
87686
145537
158142
285764
258276
70302
280312
15272
68395
165401
0
216347
55864
124318
114583
237850
189311
194851
89900
307338
224096
171290
60097
225244
288606
268503
176572
63140
131016
193352
222307
261263
216747
150970
198578
283464
200187
42248
154305
44266
82039
209928
283857
140858
72268
46899
200531
294722
296709
86857
267859
209463
311236
120021
229511
220408
155990
177231
289559
52904
238771
268541
56401
164712
274411
279401
226254
203876
227383
309818
227530
223638
82893
154402
289528
274087
158644
224875
153236
282507
3636
268799
107744
36887
156759
300065
311649
266273
173858
278794
137381
137076
221163
113221
216978
312348
289403
203959
258013
281761
230013
285040
246548
102547
226906
179674
279631
297918
234457
129014
254007
149763
298423
288917
10872
106065
174946
146384
214555
209904
187294
88955
67885
211944
293943
290824
256567
285158
167789
3955
212110
270895
254904
66856
201677
176198
14914
84488
268679
8145
136664
233853
135742
34641
148638
60224
297650
243046
220852
298991
117177
309086
220348
140440
85935
92390
98302
159721
44190
303909
75986
273365
17665
110650
72021
158341
286778
267967
240455
308617
241037
34432
281828
205086
73347
2391
56538
300587
186921
245254
244408
246777
221136
294073
216787
161964
161230
3129
194651
203498
147823
283381
8728
16633
67996
83061
294127
237375
224614
239246
187123
63323
181833
204931
56505
230556
288115
12785
284983
129991
20264
287012
260756
138428
301561
192541
136735
141190
274384
167268
217442
190147
46204
202280
166289
308305
232028
195755
179012
275299
114513
12974
19992
138274
32819
167891
268339
296889
259767
236661
158371
238789
184109
282592
208140
116712
115547
221679
310202
101297
263396
280673
88233
85685
146418
256020
286923
205375
272741
161426
97224
267546
142766
307312
285945
275380
217720
282876
256442
182185
254820
182974
136115
222480
193544
246678
171449
242412
231490
73406
253636
72857
1757
274050
290706
281384
283912
157481
242471
268978
278359
123672
50785
73133
9242
11502
296629
249577
60461
34502
114691
251373
234642
203430
18679
257353
115246
300231
277173
103465
77672
295083
248208
80034
149096
80977
93893
266147
65658
262383
237961
30405
160633
91771
307153
137204
105800
52596
225534
220066
252394
86277
299910
205798
262730
306200
275412
295519
280302
175589
275554
267219
91863
219992
265858
18062
237607
284637
159172
228629
157283
62814
96831
282860
175426
209044
286521
299549
231376
107158
34001
161613
26488
282456
273016
312628
291842
57364
262973
120396
193648
245265
138024
114012
123867
285147
211158
6574
267952
177799
36356
54831
297733
214533
223341
256084
87355
265045
183128
77073
279218
219985
89991
105305
294622
247932
90683
292036
55216
182868
128000
294761
284383
246687
122114
219537
57471
173171
129654
237215
207215
209770
168068
215671
229959
22636
28620
242660
232062
291592
247019
236523
156084
310706
57313
3317
138567
166365
92001
260043
189069
271432
235880
133922
193800
255337
235940
106525
195134
296597
62682
296714
188162
230727
249196
33029
294443
146145
168097
198630
68975
280978
302624
234415
227415
56685
67806
232166
269265
311828
192228
242650
48550
233675
137600
162319
33833
56912
246183
250327
247301
249429
307851
170349
103208
247525
245082
299137
282292
2229
92184
217731
296512
52659
33351
255655
267525
208762
83024
255581
173988
242272
133516
2143
183330
45850
182828
282531
261272
163506
75736
284191
224463
277771
275648
288697
171724
221624
170256
208811
140975
220937
19830
218004
229134
177576
225728
294503
171159
260520
306538
103343
83297
305340
241264
138792
238826
253729
32192
239994
144679
183246
91650
271150
253823
143273
77767
134617
223542
223758
49472
308274
223524
21119
141127
14780
234883
50005
173578
299887
5551
237533
273786
312603
307173
108617
70720
300285
50725
209229
101943
205594
272484
109787
301462
113854
253467
274123
27632
229727
199186
182659
214444
287345
120473
253460
98180
300463
248171
17955
204627
205307
272865
232095
233645
107789
46452
139181
51434
215176
309000
52542
254474
116666
96921
226892
306534
251913
31734
17254
192480
54315
231563
22147
244854
268916
296112
133647
236233
280857
248200
191829
106500
295469
71354
113898
45411
164277
244242
255949
40861
171926
65833
129797
201615
133290
261894
192246
131999
16655
45899
69353
97285
204062
190059
59438
106627
67113
98972
79351
105177
259037
267874
50472
291974
310767
145097
275332
111549
73698
67928
164586
310313
414
7217
263790
254310
41577
144029
294823
233594
130918
282585
208632
193029
313755
43569
297202
286697
225952
153195
301035
37938
309545
303808
211845
68499
201095
296970
188319
295205
220529
234156
81471
161130
253750
111051
39324
58564
102223
118863
76009
285260
92616
42708
238067
202124
236160
177709
245411
54557
10379
212462
198803
268923
181700
254736
197814
99726
106871
244808
258690
213353
298137
101127
124261
211702
277449
287181
254264
221351
144058
304085
64663
243885
59673
102828
225153
98234
106808
280335
72452
254248
90364
231509
269677
126389
229928
218636
231002
222393
313880
135731
263055
286504
219006
87961
2505
303397
162542
251387
242384
91405
252186
93463
203089
116611
67237
98565
237517
10320
225868
236228
294516
218470
156594
179822
184218
291167
18132
212195
285015
133458
258303
195194
175878
256590
231038
242966
191603
103165
159424
91322
181442
240022
272714
213426
306390
275145
278048
256834
54505
204226
212955
149425
158569
287524
50192
179987
277731
43613
53514
258474
224946
139150
211716
156899
199062
257824
164083
235489
277267
265086
41006
218812
124874
280652
312219
293013
124478
304444
76406
206799
250614
212123
97731
307509
237395
294770
226675
220460
227232
79271
242421
56476
233340
87156
253428
62954
44649
294959
208705
47278
160440
264153
312967
220551
86600
43068
10058
256255
281277
201343
251234
272286
231385
99420
269821
29817
277800
257932
239339
311342
113765
126585
307011
278973
226659
113464
224383
136212
116982
251925
197873
16342
303611
239432
281638
202963
95052
180162
225755
66351
277980
230265
226586
226855
72672
263889
82202
204480
233010
38388
209788
250298
294526
254702
112371
113561
300447
71263
228069
170232
155839
197294
100583
147881
270404
207453
54961
98726
286791
212163
222434
74082
165513
101816
31617
274870
104233
282408
24596
171991
195822
250471
265278
209671
101597
232743
20151
102472
70965
77359
1910
278148
249171
36177
308551
65477
178226
7053
70673
222825
105133
233987
276130
229992
294606
224966
218245
259025
147283
282578
128398
300774
101443
11749
201198
309443
227028
295106
137327
276114
305867
304362
206123
292962
126170
228971
50219
294906
271833
306178
198195
266724
233020
288279
266367
174035
234472
73470
185349
278344
254416
150181
215567
194270
112826
43199
264819
79763
129581
313166
215753
307647
112713
270972
200302
9307
61897
279876
299571
52084
246454
239084
307348
106255
12880
100020
48941
3768
273177
23400
289578
233825
27077
115423
302835
72334
173632
189190
90658
143707
212633
229504
22112
118039
275947
30522
61331
267023
252986
253488
224489
284371
271334
9378
222101
135273
251380
181902
278438
49263
201798
300597
261084
144440
94425
259093
212637
290613
249586
253690
13779
177855
152664
239235
271391
58484
25491
178637
34248
238019
38460
40054
295899
49035
279815
219619
148833
264022
313674
250163
208342
226260
64904
127524
101044
5066
277188
274709
38589
298458
65424
273778
88696
78437
4750
132046
248337
285831
265944
145232
267509
245059
94886
287465
82648
25406
105080
252636
136934
192296
85200
33507
99004
222118
187423
270423
275514
304932
111425
104196
260581
20450
256893
215742
167912
274538
304858
308092
194992
9836
110415
139385
42351
283348
172537
277209
273234
100178
140670
16803
163271
218190
242177
285776
242232
162456
181548
192190
309832
187534
157054
204906
275524
247536
98468
49117
60727
281259
286688
262535
182017
178039
285553
110188
288620
133816
286427
214331
283732
262324
120566
99456
103668
216354
287715
284829
162925
132231
222023
4574
270651
212071
255179
174233
288008
264455
213164
210111
13196
270600
125518
246873
231054
32625
234056
307253
91938
208407
297832
31414
295573
95473
218231
290845
173361
46300
295453
295360
204108
226955
211009
143793
272600
65172
26191
12017
82580
240958
62484
26271
187034
21023
31207
202798
296609
309091
279753
281211
247375
224908
2810
38346
29237
188911
28119
254152
277786
298652
248185
29396
179446
137791
4214
268524
27916
204301
255352
313544
293102
59163
182316
226966
88742
206020
287632
152457
235438
304337
82303
242992
223620
217166
255890
259121
156956
280926
28277
131816
91708
305442
301432
43779
304958
241561
187774
313352
313310
80496
310077
281671
212887
192053
252822
296557
115865
254579
187586
188378
295036
4365
263730
224882
63211
285624
604
180489
243022
131410
217924
266511
257415
164386
187236
86088
9969
71707
5096
259660
254275
214558
151497
98626
17477
12114
208891
248987
312284
270086
270552
255172
43912
258076
63839
106289
107576
278995
208847
274968
283560
238110
171830
239625
154434
256857
123969
212969
297326
271519
290566
230441
85571
56072
210708
47398
174562
163362
255427
78109
252023
126425
61249
47626
210211
218611
157377
253080
53812
227615
147406
52430
95937
238013
236832
217418
289519
256245
5309
137271
134423
281922
208204
187863
276169
5253
313530
33682
288241
102372
32960
176994
242432
180100
29356
227535
293561
243834
262594
306212
179895
189912
116767
195435
212942
280395
262761
294595
272098
214512
47914
18431
136330
90226
274678
67459
19550
237810
209051
67536
12622
4167
273506
132555
159109
38008
29712
169383
313915
172730
280101
245666
294968
304069
207376
175094
248470
202560
292365
39710
284360
312735
102948
274166
139347
299366
238125
32482
140504
309556
277757
147570
275030
231417
305795
112342
329
249608
24404
168367
154558
214483
286769
38146
255383
194485
287041
26805
81762
146025
22975
251352
157537
110796
221125
296965
252413
64032
298707
165096
28565
312172
273379
262278
252968
264002
224365
120654
66113
28011
194037
309385
137413
259100
205729
276134
282438
226944
218802
32513
217407
207477
76874
238133
229997
52879
312484
20817
194788
101058
301309
1869
272932
169210
239225
278129
145492
29913
208120
226700
278056
255597
81966
61031
9069
285963
212875
86987
249336
196250
118526
223890
218178
117952
260485
281123
239863
53674
235451
257433
228590
310949
249673
240083
72924
194543
258974
298827
241042
49404
116491
50627
244443
35806
284924
216169
190289
234606
191486
189975
274715
235848
214364
275132
292503
184313
38539
181595
100724
8439
297048
90838
153036
130064
4689
89516
270502
133711
27520
71615
10229
304351
199000
306357
28353
35674
161280
291154
272091
226300
127172
76066
291627
39644
246582
310282
110877
242720
296816
207848
126731
53252
38976
239906
169491
291834
36738
215449
307168
263722
234935
281753
242819
181052
118150
263463
256882
145021
314237
23500
195731
244800
218654
251183
52731
185646
228963
211429
216373
53283
313296
72578
230152
153174
22670
225837
56762
214292
24489
232334
97397
109654
289795
126126
50493
280840
195768
309063
5906
262614
301215
219806
51114
253240
255222
46816
72132
283454
128932
142196
302214
206980
81635
131120
288297
220812
69786
207039
78666
210587
195531
263255
296538
109449
66434
142084
267991
147147
268272
32135
237416
248106
139919
304646
69061
307697
15204
163097
37323
233402
168664
200800
24276
10448
310589
274852
116897
156426
264317
9397
220521
232730
84087
21234
56586
312585
268167
176933
273189
36436
234647
89238
30063
38741
237504
130313
168427
193154
125675
218497
308032
113140
149469
182919
297332
272530
1007
217697
119517
210479
267978
271705
172308
1977
306033
210896
208401
231762
237667
69524
108157
228979
15509
248604
240480
310092
311971
257121
186662
266684
113540
127824
264829
238861
103974
268726
92835
99594
252668
177065
85283
212312
250156
221856
26935
222371
221830
104129
217179
199997
230074
125154
238854
273119
310939
49521
305452
206890
141204
75403
160100
281623
107646
2617
255321
119601
282807
201153
310427
122565
34684
96466
214359
247496
161310
207757
66384
5495
227773
179373
164888
65001
300681
66188
77250
72481
212369
311480
233769
308950
312321
52186
255314
244319
61699
75098
212455
265254
237539
307761
23464
250669
195380
173914
230654
303544
224408
247723
208842
173035
273882
212443
236762
215834
25839
226629
272775
169906
222614
49802
141032
15067
270681
93171
301811
289877
272826
243490
258093
128647
234230
254286
14633
237472
252001
227812
90170
198301
228513
11845
70051
50425
258947
293536
224606
129081
240027
214469
18058
180936
103917
288473
274376
264034
193118
296199
274367
249153
268839
218731
229154
103001
30362
242439
153328
2884
216670
314138
313103
39255
166515
210527
194383
305545
218016
314098
242297
64925
90921
170907
30983
87938
298872
22387
814
90451
116372
200106
293004
222168
36760
98096
79392
181222
196002
267345
310035
57115
252703
284498
182773
293065
286424
201498
13149
224468
12222
221642
52243
110226
38892
36498
189653
311329
67293
81554
190236
278968
57
297634
168498
306314
156514
179423
273519
314111
295850
186783
305436
291389
268615
151266
250604
149668
252374
137757
286717
24765
212479
234420
311322
178840
123540
155179
22617
295748
277592
221851
77613
15006
79929
237044
130612
148561
134106
157171
190353
158537
168591
172076
243911
281904
260458
297781
291585
298095
177394
114457
251174
313518
275955
94855
253775
130825
151360
66001
236147
245712
264578
305176
120506
123415
169937
186499
96785
63042
161871
285139
177651
264582
268140
157962
246316
178894
96200
7648
190822
101494
296182
301233
273021
68819
64174
142516
247621
239877
134887
2187
275638
258955
309767
255062
305311
183731
221546
230309
192488
237523
190899
297661
254871
262135
223569
99164
93320
199912
284276
254808
310918
192882
280360
11354
299336
86774
216984
269445
255862
199662
38782
300819
148379
296174
152273
122606
260436
242312
229358
313157
290593
275673
97972
183513
254613
311462
11742
167027
91228
115888
70549
204759
124024
91170
208192
142344
7559
226737
143626
216020
200700
302048
239280
18394
289629
185197
112506
299876
287792
45633
285465
304943
290907
251092
91130
60952
39040
278409
216754
242318
238469
280449
132619
62759
137878
48175
237767
219900
252433
209677
102112
109085
15654
227398
232104
82416
310419
71118
60059
211276
191909
208106
247122
287986
115699
297593
7894
304911
312652
263823
216850
302564
214095
185174
270921
313237
86668
32465
192408
227842
139080
36714
155003
154670
257466
29607
210432
280930
143727
160483
144565
307
208595
64973
109956
117703
291667
237579
9009
291309
175565
269165
296878
262965
76148
302592
223708
244542
26415
53935
299558
294836
256219
216840
307163
53096
34847
311017
252381
8892
197944
216594
108883
174845
247759
213841
65516
12846
88500
1078
64367
127402
234715
242782
171563
29893
257366
304162
230019
236168
255158
214566
268316
294060
215963
242399
185481
121234
225441
262543
257913
286826
265154
97587
156839
215087
232117
257441
74614
256288
274106
30643
234029
268996
224492
126959
159577
92685
239561
55697
238188
127628
147023
243931
177110
181352
239075
243670
54398
273758
8018
182217
138733
149913
170038
214947
108764
250748
158839
225229
193488
246124
271843
37270
288601
25271
1637
253109
178481
92546
288657
41215
233417
150851
248518
148118
300523
302041
312688
90603
41778
151741
268301
130346
274820
278063
126355
294353
225004
224305
166893
124722
264987
4914
301167
86463
120813
253497
102846
134734
209425
9153
194171
224371
238103
308758
230645
310150
29635
27441
248841
297156
95682
229158
280345
250777
235984
275119
211531
140736
237082
303429
132206
263942
293020
69482
160938
313682
131792
242738
172329
24706
121119
208312
284004
296870
79470
301279
116088
110741
305943
184736
93957
90905
179105
219958
167369
153381
6363
233636
95321
12713
282515
210472
112092
70902
27135
100937
194327
104509
85865
65733
61668
149037
262194
75566
289065
40587
39919
221540
21626
269649
102034
251336
234655
228042
120537
175170
310020
114270
14301
55934
204981
184863
19070
72227
94094
257172
227923
210732
163125
4259
303780
27385
271000
295289
254781
4003
107916
48276
273321
213411
222423
284792
284023
85731
33786
78929
52309
209842
185742
270078
231777
162058
191377
298119
211830
18607
252642
68180
103416
247396
276396
235462
288626
44341
119754
243854
275545
267176
245656
199415
300877
302420
305140
298814
234165
278166
10729
244621
35896
75753
311531
282716
71979
287534
51502
60555
304370
41997
304497
263406
285590
104673
214344
278326
193281
268163
282088
68101
288470
207528
211384
86131
211410
165558
188468
13337
305531
256114
241890
90886
306885
272199
136824
140651
312042
194115
240836
231392
40243
114035
239628
216359
165857
36383
23250
121901
219571
179248
285662
46464
35303
73750
7427
218588
104848
241852
95859
303321
115632
73994
89354
243095
79133
84786
266775
188403
293039
123620
311507
124563
10593
4540
288437
155585
294797
221647
233578
226019
252654
191441
288463
237287
257814
312729
17836
87214
310690
312921
6773
227698
149258
265745
263267
268987
239668
123283
260592
226783
149540
24975
25654
313598
36250
90526
130397
69733
174132
10815
257128
312907
169160
129939
285949
303261
248360
290191
120908
489
248699
87752
254467
285718
243273
63342
241403
43470
287731
295385
265610
203219
96101
18025
249210
268248
234612
242643
185918
61555
115574
116835
193533
214302
83683
287134
312746
302979
277969
226041
227668
139293
145344
94353
308083
50047
43134
43298
198495
222801
2300
256809
292943
86229
114191
285097
94014
305639
194613
89098
250042
256459
169952
202201
208131
302898
290214
267198
233328
228905
242477
281410
18934
68787
208391
250819
7466
245244
27549
41099
184959
97829
295516
270292
14211
76445
235049
281554
144687
276508
286345
143222
284287
256280
128820
111615
273414
3097
312334
257393
100476
212896
200465
300986
92316
34882
261048
210598
66693
58281
107225
166467
290329
189959
197352
212892
233300
125814
164820
294916
301361
234188
25922
230062
77040
169304
290629
89717
44398
293583
302960
253213
302947
179200
226079
278565
249928
289614
305200
230525
280054
89452
152183
32792
230690
32318
134642
259074
45715
252832
67061
37133
68611
302876
130550
59740
307665
213768
260350
281169
70785
222789
296978
112620
248077
229746
292820
152759
276467
239357
84860
307793
273836
303524
299915
250334
137422
129875
51346
114380
272234
270966
20364
241711
110483
216443
251360
311296
13396
69573
77405
64488
244071
309678
260616
83200
260829
263913
39832
290025
161796
201993
208431
209860
283902
14716
212559
5404
