160862
270972
37063
254474
310020
99004
91130
136847
145745
203987
243807
166515
262594
255890
60881
289410
123347
293609
267986
201677
234606
62759
309063
35048
139385
217957
270093
296124
285531
211158
142196
165151
30844
254771
296557
173988
267859
223708
284004
7648
226019
93463
294841
125814
215882
242484
130612
252374
179012
169027
111051
27414
66351
215168
154586
284877
103668
298280
15067
256033
243911
102767
309000
270415
68560
25271
265057
117379
126634
225369
13779
6363
191853
202367
37414
182017
105574
100937
289095
255314
61483
205375
187958
273379
148314
268839
238019
239075
276364
240111
27077
21051
57416
312640
284383
311226
249608
277823
160283
265954
77613
234647
300455
278747
225837
131636
299887
274050
248567
73133
138567
99750
16190
57364
151360
57313
13196
285662
247556
59482
41290
110483
306033
64663
259074
230152
232392
301215
258974
193281
285015
206259
258013
302835
272506
220551
236228
264857
293013
217360
252144
229885
16342
208234
104720
255222
34502
75566
294536
199997
113561
276396
124969
85200
252654
194788
207934
216301
225755
199259
311245
209567
149621
183916
60555
82732
293583
163271
13748
285924
3317
266965
95473
295360
233578
32960
298663
266988
237539
240480
172076
296182
281344
58730
289321
250685
309701
4003
278438
145009
264885
70720
280302
213532
2187
251534
79392
311151
202798
267546
294916
272826
71354
301192
228357
100142
267165
170232
74434
237625
276726
12222
118949
293314
170650
94425
227615
264455
310077
223569
95682
12114
202963
102476
60059
289644
120734
39040
171449
126355
143793
205307
239235
96327
287792
118718
52879
311531
231586
169620
246157
228303
294503
120361
144324
215023
278344
115547
238841
60097
159311
265944
300688
119305
302947
9613
43947
157171
203876
290444
46964
45376
274524
119356
285949
211501
5096
7133
281828
77018
235445
51690
302339
196729
273491
294073
251791
285465
298107
152273
220626
112914
180290
55015
184758
130719
57629
134423
208880
75432
211716
257423
54625
37751
99164
120059
258228
272932
301279
106871
308240
62475
123540
286769
308305
181492
168367
214359
138094
182773
88696
110741
290889
175344
24005
110301
307348
67928
163362
167789
91511
246325
293004
268769
310636
137381
173632
183388
187863
111242
162542
4574
211142
17139
228042
309780
219686
153236
238861
32318
49304
69786
217418
281349
222825
56783
84231
88620
111615
181052
178894
101058
273810
144170
219900
258947
189737
124542
7559
147634
134774
32292
266628
236147
195731
119601
257121
263396
225868
138484
251713
281904
254808
39291
133922
20066
198146
241079
141077
80220
156174
230868
296978
305340
2041
54315
184736
86600
136046
39790
203716
309396
101943
215307
313345
107789
286723
207995
176633
175426
7466
257172
6088
34140
273371
72857
256795
85229
211514
305318
178226
78983
255179
70965
20817
162289
277592
218477
253488
278129
253196
270222
246073
216594
286481
106726
261711
254007
246530
199186
274968
215263
68499
50493
225625
192717
114380
74614
209431
65424
193901
288220
290824
221351
13149
254871
302599
124796
304858
218255
174421
9069
177799
278556
82994
289704
17836
235467
299549
144029
173914
90287
29396
26935
134617
212896
7217
185197
264002
292943
89516
28173
174562
239561
144259
312039
174248
263582
257945
275299
3219
194992
252968
187383
55791
32192
82648
227248
215702
193029
289744
254702
216422
162058
173061
284371
306314
235880
171102
15347
284865
170497
105227
51502
264578
21675
38782
169160
294836
58108
78818
242183
242720
208120
310939
119438
104233
267919
230238
84956
144058
219627
288708
157283
221679
102372
167475
121234
212472
221540
237287
164626
235489
298672
299097
297332
131816
8439
194543
288470
133745
237810
108373
275638
135677
161725
269243
82039
271150
23338
75533
166893
63797
207848
297895
301372
248185
101576
209530
4259
196918
212833
290907
219244
8366
92201
262289
286424
111683
71802
116982
251092
304109
208192
137757
114691
278565
110042
151619
293807
210472
246474
221755
142969
107032
78666
292820
274367
218611
74750
66384
163097
185646
291309
88233
304069
236754
183246
158371
252433
210700
71118
295516
231392
60224
233300
93171
291580
273189
296597
255363
268066
249928
248077
208705
309432
204557
211889
55216
108883
292931
283348
313536
117860
118644
90226
221474
136115
281761
43118
131685
220260
30643
269178
106065
175589
229134
292766
218731
65328
299571
212887
298095
28565
183044
205729
294965
92685
229154
30522
297832
177576
241711
5404
77672
56200
79982
297048
15509
84959
214364
83874
247008
45228
127313
97829
287489
306805
67536
222168
302581
119754
23464
217397
184863
85731
255337
212425
280941
222789
24276
197944
9510
310092
204981
143489
221669
88581
87686
164712
109787
137576
306040
47563
204480
110663
226515
27691
218016
273177
313157
307793
193533
107508
298458
29893
116611
90838
256020
94353
225534
275332
139566
59163
72408
303100
21119
87620
58358
285764
57202
183691
49577
298991
260520
257953
120999
298072
117703
312484
222591
23181
172935
256893
312284
294114
329
116372
150782
231777
17075
264647
222188
60461
260633
112220
258553
128820
256280
312091
254714
233328
282592
265154
278148
65477
280363
311634
284871
814
284907
8326
252254
138428
260616
151744
220863
159463
27135
169535
311342
75928
225441
288279
19070
124874
42490
302624
89219
235848
58564
192541
212969
106500
185898
247932
250390
230265
221525
242650
115865
280930
20151
215567
50627
76745
270696
260156
29607
135228
10058
105177
128137
199809
98064
92959
206774
246687
246200
137701
171290
67996
122192
72268
273758
90364
264317
33705
116168
126277
118349
1637
17005
282006
222456
101810
132919
272199
216169
192053
222029
87983
279590
221589
227016
224727
277775
270086
245656
194757
208131
213599
239084
182919
36887
188468
228944
311017
174715
220812
306747
305631
222967
260756
252413
277449
177855
259463
49966
312855
29176
208106
25684
240520
283857
269610
232104
173171
89670
182974
310918
246992
258955
91008
289730
252186
26638
96347
51025
76962
268080
50047
70388
216670
57471
90526
199111
24815
262300
85317
281384
38589
37837
65833
99429
160633
107646
312066
201993
152368
11319
294968
251336
312735
272540
175840
300819
157377
142516
108526
210441
221830
35356
234029
173361
249429
310706
312729
158537
299558
152212
287448
295157
53514
261029
278359
78491
42603
251569
245244
8892
239114
86088
300774
61617
173697
310427
265262
285082
304911
49854
177709
142880
65282
226622
277033
135731
273778
170550
291105
163947
279422
43569
175318
310767
300447
266695
83604
253823
167679
65001
296614
119197
288473
307509
154434
97224
192488
70493
131541
126389
169952
37938
244539
226855
145953
134185
256410
68180
26805
98468
96150
222087
260458
235828
28277
86774
97087
72764
208431
231298
197049
253109
103208
195134
274023
241839
276039
224209
307173
44649
216754
228684
23822
279162
223745
235049
171724
273389
186218
100302
254566
287181
96441
257537
215714
242471
40322
250163
3704
159721
161230
299137
22147
255383
40243
45302
129581
298119
49802
72924
231563
239592
105494
215216
150098
233927
102679
187236
103974
293045
248171
286133
18996
196250
154558
59438
274078
254416
232166
50219
305200
293408
233769
233207
143107
232270
279401
272286
209199
255158
209148
289159
214566
119084
68101
64032
295316
226478
242232
284766
114583
82580
229688
85985
263913
288297
168941
195755
308758
235438
312308
239937
250298
41099
239691
285260
112620
84087
130397
312652
313674
4750
283331
168641
248106
250669
42708
18058
302450
121769
225299
151027
211288
260382
270078
262390
93893
252832
224348
212955
99674
225004
268799
53446
204168
214306
72481
191690
309556
224751
116767
246873
204627
121281
237388
270600
97731
45020
287673
267782
264839
187294
218636
214555
304153
123415
255655
169394
280867
288008
255445
106148
188319
67750
164586
235399
304351
47859
230654
81089
74269
311939
222757
302979
275961
254781
268987
254820
263714
49521
262278
256245
137422
67237
178039
213432
113221
179373
81554
262535
140504
284983
287345
160960
4365
222265
192408
289519
106289
32572
214988
243931
258535
248236
314237
29356
204709
2810
282438
301361
282408
239201
86987
223606
212404
135742
208891
65733
55630
107225
254505
305612
52542
237570
285803
300480
261909
256084
8145
275119
125675
229978
224623
98180
167912
13099
67634
113409
254488
257824
198245
291986
306212
3909
273365
54398
13590
99336
43342
110188
40466
280857
303864
286812
281259
172504
209611
212163
110650
110796
86952
227788
226041
63529
9153
11354
272026
212892
22473
47914
215009
45899
56719
34882
23400
292640
50785
103165
7735
102276
297733
302325
84453
116491
306178
158914
260485
222371
234715
248360
18934
36930
114732
174346
209051
157444
311951
243046
214533
36356
27385
243950
310584
305826
199062
1386
291667
285569
267176
201153
124922
153328
28491
115423
271000
43298
12404
46813
244071
102292
257331
281671
232351
168097
32482
285945
72818
268316
294959
20450
194613
32348
97883
49668
159033
236832
117177
242782
255862
76445
50472
159522
312967
263790
187774
255756
75290
298062
260001
159109
288126
158463
272600
116835
292036
74680
294469
10448
234420
40054
87828
237215
156302
209770
119666
216224
36383
268163
238802
288431
115170
267339
216412
218968
29635
196299
146611
225396
89318
276371
231054
24975
140093
146325
78109
141997
163506
97345
276940
202280
104796
116897
305713
288839
246183
250834
313310
304497
93764
85865
133816
281169
205798
124563
290613
12846
123969
304742
95052
289626
253775
68556
239668
232730
221163
1757
264819
151948
262543
73406
60073
3748
286345
133993
122565
256701
169906
228971
227383
156782
162229
192338
90124
151266
288108
285427
170907
224442
108038
123767
84325
186499
4540
280360
43613
311487
309818
273700
77175
295137
131343
281410
8610
253190
82173
285963
212462
308274
225516
241042
38493
263865
109867
66603
227923
253240
290214
145643
255597
305764
268330
277902
154670
42184
113357
61897
197294
80977
206191
236845
185311
272585
55697
312219
261272
257466
116286
115033
83061
180489
267967
54961
16600
248518
56586
225428
2591
281623
165019
128398
296391
250894
115888
125911
216195
295519
132555
182659
226586
200302
154305
255679
241015
28620
180743
294217
191148
104129
159870
192568
252007
228905
105080
33029
239906
129014
9836
296013
267653
51392
259782
249171
217407
199000
146857
58166
97972
64925
257224
230347
59812
113464
291167
83024
298137
290599
290153
151977
263942
212974
162720
229186
204108
251174
274583
93320
272714
45778
111761
1869
251183
79563
125286
240083
263558
208220
220076
129463
213012
236762
252926
269237
76537
280926
59313
171688
255068
270966
202630
211660
212633
181259
68975
191603
306357
247406
72535
258525
16317
91650
217442
166134
4372
258869
229158
135995
13828
278694
280083
296234
299598
12974
165449
171159
47044
14780
281700
193154
298707
216354
300290
221207
89354
273009
293561
98096
269677
295075
289528
119517
141670
270925
11502
304958
187447
69850
153875
92616
234965
53252
230448
303397
300231
66542
72452
257795
288038
78009
242697
112092
246316
190236
28011
190289
278534
221546
189370
261104
43779
156514
283912
195227
168068
150181
58985
275554
190059
225583
271334
203219
232691
232343
12553
88500
38976
300587
1078
177651
46174
63140
200800
183578
239148
251925
44528
32465
248208
39919
210587
175394
293065
312921
275514
204446
129939
46899
152752
604
274123
87214
223542
292673
314098
210432
237472
245734
186146
283705
36714
14461
285541
182316
160483
55152
154743
289543
152183
256219
15006
303037
310207
294797
108990
48550
126425
22823
191486
92184
144751
22838
221642
72227
28353
106090
259734
252530
224560
300065
14000
156084
82202
231367
63042
235451
61249
309693
66269
27916
225153
312348
101494
155003
174132
265045
25491
287094
232028
230029
137479
265745
36961
98806
10593
191829
161038
295289
120021
136368
283144
274843
236701
140440
278995
128968
230515
218690
105388
49117
216347
70222
193352
297417
265010
49472
8789
274924
252001
313147
97397
246032
234883
204906
273119
268615
26415
36859
187175
210194
217187
209842
161426
54505
121119
82893
153174
158082
244443
283732
151497
66113
245474
295036
228265
294986
252023
307761
76635
117510
117794
148725
37133
234633
135650
291227
288908
215132
264322
137327
296542
118526
112944
106808
128864
136545
280482
29997
260829
228757
174233
154402
46464
189931
282605
247122
126170
237167
297661
187586
74895
158290
105305
224898
290845
87355
81706
248488
129719
80496
249442
176508
151561
288606
152839
57145
220511
60787
52186
31734
148853
14301
214444
229275
151837
175077
210527
45533
307253
249661
259485
279876
25839
91880
8665
145021
236202
83683
85452
301245
300597
222801
285776
60582
184313
170038
251099
96999
185742
43696
46204
302592
242318
250966
185174
307153
301035
64292
74856
289614
219571
99966
85015
71059
297351
190353
268679
60345
172537
289524
102223
139181
230718
90451
5495
125518
149258
64904
2229
254638
202201
220391
237416
131231
195380
111311
264829
287363
134887
244820
95321
254275
286356
200392
144215
226659
250081
259515
33351
201498
87938
311134
230074
281922
102472
183271
258900
42248
250981
167268
149836
190750
66001
167027
243885
259121
128000
228187
273234
270921
242368
244003
264301
28991
242247
280673
119928
271432
122288
259767
275128
233645
161165
241573
68251
182217
198578
140779
194851
201615
170379
94094
259618
268745
207039
109322
256857
16677
47096
60952
286521
295222
215742
232431
203363
282876
302960
261048
100886
116832
14106
1474
32513
74082
231509
185918
38008
213687
276984
150434
2752
188969
296878
285831
313880
25922
230019
208407
242834
302876
229289
237044
255340
126126
78162
134106
233010
100269
153036
209337
140204
271165
311480
194485
309824
245059
157288
78862
300398
287134
270681
64260
15985
268778
288614
23500
88317
283116
266402
250936
292491
79351
204062
239432
180162
139674
63839
219006
195900
157962
228292
268167
70972
167369
26708
282860
294674
276508
242297
249027
94576
225215
134963
216978
150631
283464
293102
61486
247882
250604
94790
30983
259093
212637
199745
138024
51169
258276
284498
52134
26901
287041
174035
276618
272234
181352
307468
159375
208391
2505
257959
18412
287986
301385
293039
73207
75098
232906
3768
289877
108972
245265
94935
259626
301879
287465
109399
45411
182564
141860
48467
131477
216747
202454
64367
229864
131410
257514
192296
310376
266282
179752
222584
100846
124318
177735
16803
205594
282096
48941
203498
278947
245634
189912
158341
3842
83297
263722
212455
276888
88646
38346
12880
208847
255321
239863
125937
257227
166051
111425
61490
295882
203580
242421
310202
2997
134312
288657
45902
96536
260350
235476
310355
290566
288241
28688
90747
55336
200545
264022
218812
238542
199883
283717
310683
307338
249258
179621
265238
284023
175094
36760
222423
296199
314127
177231
184218
241561
188911
299366
15141
272865
265022
131999
250042
266394
6773
77179
291078
141127
123913
191441
263131
1228
179126
295083
89238
139790
226906
22975
239994
287524
249693
263899
212071
257913
313709
76009
85283
219462
157054
161920
274622
159938
289403
86229
95497
285127
128575
277173
311371
210280
288255
26366
216380
102815
114552
290593
302691
61699
288437
185393
261084
286504
216984
239321
148833
238648
285624
50192
218470
134642
244408
242062
264347
208079
279753
291585
170134
309678
34075
44599
54557
225090
247621
239339
305323
202124
246526
189069
263055
139347
16096
285147
201285
43134
35957
280426
196612
286923
195822
132374
46031
24765
310722
294722
243854
74798
89879
280652
254310
111
10872
42928
51434
33856
194425
66802
301309
137076
167891
183441
226892
20750
115952
197727
307815
247364
307697
200700
238771
120473
209898
208862
238074
293573
211496
300763
79648
75736
39644
120396
280335
277771
310589
296816
114457
3898
122714
178637
77899
234204
106438
163323
82416
138792
97469
2300
274376
52659
41215
181595
94855
256255
131316
234612
17580
187423
152664
219958
224192
33833
224606
278647
299876
252703
262135
299904
273315
177110
258933
148379
245899
144456
177065
307312
136824
280054
65658
236661
177416
253690
92546
238032
273016
148434
286778
234415
265080
230062
233675
146145
255307
309767
282042
52243
276520
95591
147255
149997
45106
214344
68611
257404
86131
143894
110415
274932
254579
6303
164519
295709
7258
15204
91938
226321
286688
161982
70838
212875
288233
288626
221773
9307
109956
264582
288917
224371
51985
241852
262801
275530
308488
85685
107758
200187
224860
57115
30778
218713
33476
302868
65172
300463
250748
149668
173858
115246
102063
212201
27772
34641
72578
252981
258983
192480
201864
197873
15272
298765
98626
82832
256308
255581
295385
202890
188218
274442
34248
284034
196995
223620
256882
313934
4306
159776
57783
236168
273836
136450
281753
267509
231417
285158
41577
265532
302898
166779
37516
209044
22617
276032
242412
221145
297781
250819
299932
80806
195768
185349
250760
287452
132206
256567
135037
19155
256233
221125
209860
191046
200531
237701
133647
139150
255088
127448
238067
130484
169762
198301
305531
211314
131879
219619
250032
236581
152435
171991
200974
303429
237579
288717
70673
235414
155148
191608
296567
252642
209904
150703
56401
297650
16744
247525
237850
130233
79271
304444
303165
29110
208857
54831
257262
139656
217720
277786
285040
251387
302048
16443
104056
233987
248157
23924
189975
107965
258258
235462
266579
206070
209788
213019
135518
213442
265254
116088
275023
254264
243022
125084
45850
16284
11934
295229
252390
251373
53152
18522
132619
113172
234800
237689
53409
290203
41258
76874
203089
250327
78279
223918
270502
59520
310230
276114
295771
68699
307758
294336
109228
87961
243834
149763
247917
241788
193403
101127
182868
281992
275370
179531
225098
207528
143222
269165
240104
114012
113854
276348
183602
62000
244845
77533
169383
224392
122960
210145
314216
15704
66693
44314
113724
240958
303611
288542
297156
141032
284505
204674
230
82482
34770
301210
262107
118278
209671
142766
153531
10815
10557
184109
234472
83918
301161
266238
44266
209209
165401
127628
288799
204952
132786
142084
44190
256555
271391
26191
296792
212327
259416
135273
99852
303780
215973
138619
230309
226290
251783
41708
101443
208790
279598
188820
42959
204848
267418
41006
277980
308479
4689
247428
124645
308254
295899
225952
311177
226675
203139
278056
107744
224966
172730
183128
267978
277209
231243
194383
233636
307767
273021
287401
246548
260581
146384
16867
69255
275132
253040
238826
159982
244564
104383
220054
62254
271705
286697
170820
171605
40587
176385
155555
213835
233340
223645
220852
283082
44827
18132
186401
101297
227415
223286
210732
26063
275030
209541
114414
56685
230690
248470
311622
257111
161310
103001
289512
265163
223684
237750
269930
101816
230013
148118
71758
263255
32819
177437
314111
293536
254736
275955
96729
313544
71979
120120
235671
139919
158412
56426
204931
300491
104509
210495
289660
3162
295850
217997
139899
252394
214095
223073
303647
296727
0
250112
4914
53283
153195
124213
298814
246333
148703
282002
295106
228513
212195
129797
188403
216185
157537
291154
31872
122606
51114
167567
255352
193989
74570
193648
2617
195435
242660
1977
190550
302214
66480
238133
175170
309230
178716
134734
249311
212172
191377
194115
268339
53877
179200
245411
284408
107331
311971
274232
217475
242390
134543
307851
229928
304085
165857
262761
312907
171926
206799
7109
253265
214483
187034
216373
309385
77446
252381
295573
114191
67885
117952
206590
313166
294516
287662
103465
73347
272851
276169
248604
262719
81279
19524
248678
296898
296709
233825
159577
66856
231385
81762
218588
253428
190147
255172
309443
218377
138983
181067
158644
162925
177269
171232
111843
181833
308083
246777
98302
240027
73549
154157
220460
257737
161796
280487
112826
299910
119214
264164
242956
248200
127824
11471
208360
63190
86857
296856
247396
219537
284360
230525
245048
253467
26271
181393
305860
287842
239357
7708
23681
143313
3557
222614
139504
81340
209470
58051
273321
297326
248313
130346
252421
306534
275145
88955
64488
262741
298827
127172
210111
216774
222023
121901
86700
145178
193596
253027
284829
31315
56476
47352
311296
23740
146904
239841
231131
241847
135092
127770
302808
230674
313736
188162
288620
266232
144440
248987
245685
103757
89717
17254
239246
45588
64849
241037
303005
227039
294443
157137
200465
130550
69524
209677
100235
300692
280761
121537
156594
77359
262730
254661
209617
141919
203430
102034
191463
21708
223885
162874
16043
128932
262614
77040
23575
283032
95117
299703
276176
101694
209463
313073
90921
295445
297634
138928
210558
249164
22738
219502
140736
67293
231002
91170
147979
211646
310249
126026
300523
27850
282578
277757
274106
93329
257353
115985
54845
265417
179822
35674
66434
276383
268879
278685
225468
182185
246678
242177
169084
88396
11742
311409
199662
297109
7798
129081
106627
22670
242966
157481
268301
239374
312055
107916
287149
127940
244645
150939
209096
165096
310949
97656
118793
173508
234188
124722
285605
232334
153090
307163
45715
132679
221851
258093
271833
175565
53318
81635
243490
279631
68395
90658
228923
147570
123672
260043
164888
314048
254482
170349
213841
114426
128490
29712
242819
73470
18679
103416
189959
307011
9378
227698
312688
182148
300261
142741
78929
300810
311988
96101
313263
255949
283325
302414
313682
176725
238188
132231
12622
282599
126091
291996
30405
93394
32018
238159
137500
10666
306223
98414
254467
73808
175022
136934
194037
248841
282531
301449
272484
227773
88742
102112
4167
56912
178840
186187
179895
33507
113140
236675
155085
219985
140651
257279
40702
46816
287677
290706
70785
238619
270863
61555
31481
105716
192190
233830
93957
197557
62484
113898
298078
251705
234457
177344
236889
300285
116424
209124
211093
116712
252402
224365
269649
305639
234935
20717
274678
294127
309086
37549
135869
179707
142400
160051
150851
280769
285712
195663
303261
155400
289441
185266
89900
169275
71582
59740
102656
58484
242477
61331
313296
141618
226079
38645
261528
277188
161280
489
73698
250257
275846
18744
234156
27266
100020
119001
227398
294526
121037
268524
214331
289374
95859
290329
198120
257433
75651
97285
285139
46452
163763
266511
245254
53812
137723
179423
273506
201095
96466
48789
11845
267431
216850
176198
44486
212123
208807
227535
105800
224331
30554
256809
281554
128348
38209
230556
245666
99726
143042
285648
52966
156956
282716
253811
19830
244230
208140
269445
252668
212488
308551
7894
308772
219737
35896
131267
311312
115062
303082
158569
59071
236289
289559
32415
263373
226783
251380
167992
281652
214059
73994
270292
81856
141190
92316
236523
14597
250598
210598
90886
122019
139696
257497
294595
264284
126959
286851
104673
283560
82303
63211
137204
214034
132893
267198
96638
36250
155839
158180
67459
238013
63342
218698
5253
275673
206458
256834
188378
220408
238469
290181
184959
136664
102828
130173
163544
189190
169937
36625
269265
226602
282771
130313
177879
262559
303534
256590
215255
214947
31617
222434
90603
6915
92894
270552
130064
252772
278063
120566
69314
312042
37434
291592
130724
198195
299915
130751
183330
304370
258051
248865
147147
38388
162813
24404
224270
290535
35864
268248
199415
207131
117452
66188
97807
268978
89818
69975
165639
226609
185125
208304
30448
129183
100476
96200
71524
220944
285682
296174
37323
1310
208204
280120
9925
69249
232062
20364
163125
288791
148958
171563
113669
262973
153933
312616
38093
44896
208632
707
223341
311462
289065
243273
10229
162492
262324
196002
308120
22221
76232
254868
169304
251494
254248
295453
96785
56538
174791
148255
53674
219806
226260
250471
205497
211830
282507
154240
306069
306885
227668
65403
25050
225728
17713
216787
136735
304362
10729
42866
94516
129994
36498
313598
165558
211702
80887
181902
14633
25406
277748
265858
79929
311351
191548
39710
90683
108157
179270
80020
237375
6201
222775
239877
284792
165303
254286
296965
212962
99420
160894
228069
17665
78600
85809
62593
283381
284276
276049
67061
223890
222975
162456
313915
247496
100178
274982
303051
70080
215449
299111
164083
119891
39108
175972
39092
126585
91771
98565
181928
57878
147283
129312
190614
229746
205152
230577
294080
238103
196950
181442
237961
253213
272431
79470
104848
201198
304162
265574
114270
142344
86463
314138
176994
211944
259251
208325
214558
63681
225977
288601
255427
271829
159172
1703
267952
266474
223530
47786
222645
211276
224988
54675
25654
30318
224875
219992
260436
221586
225542
233967
266147
237005
1910
6986
138646
241890
147119
112371
169845
62954
254326
305795
262148
298652
41693
267070
96921
227232
302061
257932
9118
145537
43199
286717
133059
276389
268364
79740
204759
168184
21462
52430
288641
213633
244319
153714
60727
201798
308000
35806
156707
51826
94760
267525
28068
241920
294566
35504
256114
270580
33786
231490
310313
278326
247607
313755
145444
189503
268240
21951
7166
286427
214318
203639
180363
273532
207503
149913
285782
250240
227530
279218
251330
312321
253992
295778
63953
300877
128762
299172
190944
297775
118116
224614
299150
19281
291398
38539
242399
254605
216686
227812
217519
240455
147881
233594
281277
28834
44026
220066
11680
296714
40625
74382
99594
244542
100724
160440
144687
263048
160874
228690
270307
118863
274715
248497
313114
56762
291234
82515
310339
232186
312746
284924
29817
180195
217697
309786
164873
227842
55819
300623
216400
248691
268916
72767
169210
168664
145422
280035
121342
18607
255328
218802
53360
197129
31843
280455
267023
257638
266789
111877
306538
206020
149425
170737
209120
311454
97572
254912
295435
102163
234429
233244
145492
27441
120908
65516
199912
272087
228533
117906
312585
286327
294622
75986
265244
311322
163646
309832
24489
187123
266711
313352
123227
133714
33918
250156
193118
75855
259660
311828
209928
274852
263730
238789
253497
124261
284490
143707
232117
73942
234642
245082
9397
15848
229358
155179
229945
287012
192228
235940
310419
132952
84786
251807
259034
114991
287277
283991
247536
34001
227028
133711
77873
167257
226057
313256
307647
286500
216205
238110
162319
