21386
245286
292937
76962
140350
230556
263055
309443
40625
274384
152664
142614
62954
90886
275673
41523
233309
47698
112713
150631
212443
226906
71354
1474
212064
254264
219900
32792
36121
286923
268167
95497
179531
158180
226737
263730
230645
287673
236832
273321
208199
230152
45228
59812
17139
224442
33833
47352
134887
275299
239321
171563
222434
308032
239148
111761
184758
267219
127018
201285
285949
300523
215009
165857
35864
253914
255949
52309
151561
149836
53625
255433
256555
305545
5096
307665
279422
239246
281753
213835
297171
237667
262594
224348
149617
222168
169845
257393
284383
263031
292157
136260
310249
274524
230897
173061
129797
53877
275030
188218
249336
234756
48789
186518
289730
284191
208595
267509
140858
158412
17955
252772
125852
169491
179446
272741
313345
35957
133922
216195
300429
257172
279876
308254
98806
96101
255068
289447
146145
69573
123969
63681
292808
303647
295453
278166
222423
83604
260043
137479
248171
46174
7133
284360
269034
194115
26708
14914
288697
168314
204168
286327
192338
91771
258900
46591
193154
167679
185646
9118
247882
286481
212887
88546
126425
103280
141127
59882
312284
215104
86277
100786
252402
265918
273119
266282
130313
264164
285712
211501
221647
208807
129183
63797
208857
277748
148638
259762
152183
265532
287524
222513
149668
242806
22221
260485
299532
256701
16096
6519
193281
134774
284034
88620
74614
242992
59482
225428
164888
56401
222757
296234
309786
169937
241005
20817
274232
240472
286427
108245
226966
277449
256834
235828
63512
291227
122714
130484
163763
36738
210280
273371
277033
103582
29396
90451
290706
119928
305140
40054
288279
179895
81398
304085
190289
177394
273021
22907
207503
233207
241986
2300
214483
153381
134106
241711
199809
222371
51690
250834
276396
295516
141077
22147
219462
61204
225837
49739
310376
263722
225868
313296
246992
291627
251129
157582
14780
282408
192408
24765
214555
193544
266988
137500
96200
277786
310636
229885
220521
89818
145009
12974
158142
266394
85985
218377
254488
38146
251791
167992
211410
185266
71615
247375
68879
290539
284457
258303
274622
290629
152457
264987
151497
251713
311480
224946
67885
240083
161871
132893
297351
305311
223530
199186
251705
108883
301553
257433
26488
64174
312321
58730
10815
38892
110483
310154
228559
245685
237533
204627
168959
251913
213353
244443
44649
73651
16190
152839
272506
211314
86088
118349
227535
281259
235451
51346
149763
7735
265022
128864
223569
149540
30362
278947
73002
131343
218627
313934
257995
257121
149341
273700
202798
243095
32712
25839
214049
11319
103917
94790
109654
162874
154240
6574
72021
260756
257959
143894
224392
60952
57
209770
246554
21023
175344
221586
82994
228533
31872
1703
127524
18431
271502
235210
130346
79271
9836
83061
115062
210527
1007
220460
57629
105716
254416
72672
253460
98654
313598
212201
179105
159577
216169
224096
77989
240027
80034
249644
271490
177709
9397
308083
227653
304337
276049
2810
89991
202890
122960
246474
263823
99594
304646
29997
272098
230718
270066
296856
212425
138646
198630
9723
232743
141670
291667
238771
254605
64488
226300
72924
183578
309597
270972
39790
270351
31617
30405
92616
285924
106500
304162
225534
89717
84231
288908
294841
3405
272681
211660
263942
218690
86131
103668
220738
191690
16867
261711
12622
248295
229959
46031
196950
134734
129939
18412
239280
218190
108373
155839
43569
257575
132786
303909
263496
61031
293583
169535
230577
216747
203959
302315
224331
199912
82515
215742
295899
293426
114035
77040
48153
226675
211276
304362
94353
169620
144170
201095
232117
243854
172433
90683
70549
11680
280930
219806
262719
311236
108157
154809
308305
26271
226728
86463
82580
251569
18058
305860
264317
48406
133711
175094
604
156839
266935
109508
125675
294595
217924
233987
296642
121342
287792
93481
242384
249666
265944
83918
230074
268541
246316
73470
62759
27077
312039
228303
176110
179270
221163
1310
308972
289626
252530
194383
238110
269237
296597
16655
156174
37270
233269
161796
115985
151225
5495
225098
145344
233166
239668
268978
202201
142766
120284
238125
292673
218016
4259
302898
212833
228042
154305
291309
236852
38093
302041
65403
96327
294959
311089
252007
3748
101597
237472
112944
242720
145444
26901
181052
274870
239357
3317
227415
32292
296965
204446
282592
136824
180586
136046
185174
83979
229997
214059
311409
209671
183246
232351
226260
211531
303044
212488
216185
281344
289578
88742
81471
251183
287731
183691
239592
298107
142969
284023
227383
230448
273758
241104
177735
230993
264301
277347
312603
203716
202630
313157
139919
153090
247607
204759
247008
87828
208304
80644
290153
127448
77672
273009
46129
24404
239937
200545
170737
213012
102656
280312
249196
147406
297048
163646
281652
107331
215702
291154
206458
254638
148853
137791
255363
26191
209180
95321
3909
141032
109787
115911
308488
286697
71059
194485
294114
108435
246272
167789
66975
170038
112297
84959
268316
286819
292365
255172
38741
288542
224463
157283
99456
302325
69314
77073
277823
259782
193596
99750
96638
135228
241819
296512
153875
278995
217418
243103
216301
264857
126126
287345
209120
225090
22738
126959
104673
133714
159721
287465
226041
120120
60461
162720
235360
294674
9069
91650
135650
21880
202963
196612
272087
251352
96999
215023
215834
222775
63609
269445
42184
213164
146418
234935
308772
24706
310939
304351
148379
18934
293573
243301
32819
68787
179822
238335
157537
235489
44314
282860
77767
134963
175565
249171
256590
8145
192480
263373
93171
68556
223645
46964
203363
224875
258517
68417
234606
294336
207660
120734
169304
311342
303051
290181
142084
239625
81554
294906
276114
132046
232186
94516
313736
300480
114552
14211
100846
198879
237167
186662
311828
301233
98086
245907
104796
207995
250042
128575
165096
19281
68395
104720
117794
274808
106726
224305
229746
282716
162492
218713
44599
148958
46204
119489
55934
48550
87686
128932
194613
15006
208342
312688
230354
85452
18744
157054
24276
251336
289816
234156
259821
263558
268066
123540
125429
220348
120473
257128
242247
154558
163481
10872
223073
126170
165303
219493
274843
248497
97731
253488
295573
270292
289559
123913
265278
264201
206191
288708
58533
191608
252433
246157
253992
149997
145422
201993
230062
136368
299598
194735
296112
195663
138428
43779
288463
224908
85571
61490
174035
229992
329
111877
312042
227232
214318
232145
88955
89516
288591
299549
25491
22636
86774
279590
116897
262614
187605
287996
293004
92835
292931
196850
237767
194037
56200
45376
97087
221474
176508
230525
259121
129463
296199
118116
41708
302960
83319
239877
180290
103001
234415
218636
21462
117510
158644
310181
29607
248185
280941
58166
112506
301167
54143
111242
9969
128762
248604
264455
93329
121698
3898
233402
127402
212892
196894
161038
165810
156759
244645
135373
233010
40243
259734
86668
207376
45020
94576
197049
111
158082
180398
238019
49404
236527
207477
254326
267339
184863
49188
122114
251174
34641
40322
190822
221546
311971
211523
126781
213633
103208
296391
202367
146025
183388
262289
267198
249258
84175
307647
7109
280083
181902
67806
298095
148507
297192
49521
158537
175426
101443
198146
299932
63140
34684
269178
238013
151977
293408
57471
252986
28173
237215
36198
285082
221669
150703
41839
209617
126355
205955
44896
258181
213532
300597
59071
112737
227398
170550
47563
94094
76635
300261
272026
95473
284490
103465
245734
273016
74798
20723
240401
293807
28743
214533
105342
63902
67750
56476
273532
249164
229511
264885
302420
310197
100020
300587
216347
13644
11934
252394
104056
212637
73207
40466
271833
287414
177651
286791
75651
307767
253467
5655
234029
246454
283732
244542
194543
204709
131267
213841
255158
232095
234014
94425
118526
71758
107225
92001
218698
234800
308758
196729
272865
28991
102292
101297
6682
310411
184109
209778
254566
298062
27772
95383
114457
280978
299366
50192
272851
203987
206980
163097
237416
100583
305283
94760
63529
302868
197129
296709
60555
237539
115865
42248
143793
289543
200302
172209
294353
216774
16803
266695
110741
20450
182773
270120
313352
144133
43947
216205
251380
3704
54961
224560
45899
247525
150529
148314
237395
171449
192296
137076
231563
308950
1869
88396
225542
282771
126091
239408
287715
231385
21675
28068
23464
244621
208131
91880
229186
102223
8326
191521
256795
280345
233967
82202
303100
254763
250748
155003
217397
216754
45302
14106
296039
221569
105227
251330
182316
313530
102767
131541
288297
136847
275023
119214
67928
61331
299904
307338
23740
249963
280363
165151
191909
51025
237082
283902
160355
266724
216594
273189
131999
257441
97469
257032
311143
50366
29110
78162
28834
287012
229536
39644
142741
163125
97807
239075
227248
76232
292279
74166
103363
70838
208762
226515
18394
150970
272540
198245
178039
192541
81762
255862
280857
296714
85229
230674
153531
243931
266402
281700
72268
153236
151741
276618
174715
200187
88058
64973
258535
222101
41577
39832
214610
67293
245265
273778
275545
297742
224860
257415
115574
125937
253196
305340
288220
222043
274600
33351
13196
132231
176933
253823
311329
302931
301257
189912
262965
274283
130751
284505
172504
312091
267991
161130
297326
60787
87961
216670
77613
78666
138792
106525
74856
285056
135037
97883
71802
226955
139656
212479
300285
99336
227028
153714
193352
230019
218245
19070
221207
170232
60224
117295
283409
180489
85685
191463
283144
128820
139899
88233
213442
289512
297634
209044
48031
19992
209567
306200
134617
217891
15848
183128
306212
88581
183916
262107
63190
232593
181067
82832
208811
88317
250819
312735
208312
234956
226182
168641
186921
155990
119049
95001
160874
214988
292036
135092
117452
107508
223620
270651
171688
90124
276940
148725
45588
21322
187383
248360
268240
50022
299150
17836
224882
259468
289528
299111
252968
307697
209051
305795
214892
94196
285662
116767
147634
222825
72535
209541
63468
308551
130233
242297
275638
288008
53514
58985
38008
2187
223524
237607
215263
114991
229358
221679
312907
19670
225468
312348
286424
101058
280288
60073
197961
274678
293045
44130
226254
295360
78109
250760
250685
74570
250614
242738
285764
304077
221851
156661
252949
46714
273786
183044
300810
267525
63839
59754
249153
294526
245411
112220
236228
196475
219006
105976
295519
219210
263582
269930
145232
128490
137204
239841
14301
215168
300843
309396
143107
305176
295500
90838
307011
277771
62254
77250
67237
301385
309385
274166
295316
228541
313880
310722
305200
56719
4365
213432
15204
297661
241561
238619
74680
311202
241788
224614
161920
301561
175394
87156
199561
124394
223638
61249
109322
282876
160283
261263
30448
294968
52879
313147
27691
85283
299558
219619
268339
288839
285803
218497
278048
238826
202280
258690
36436
260581
193029
222456
273836
266965
237044
17767
276467
146325
39092
127824
231490
45902
233624
12713
252421
252822
281904
202651
225625
20066
278565
237005
227530
266684
90287
274106
255742
152033
158914
193403
246530
179707
69975
112914
131557
302214
181393
18062
311622
162456
16342
45954
34075
155555
256255
250966
118150
95117
160894
299571
224489
250981
249577
83297
35182
295157
106090
65477
301215
61699
313764
210194
107646
290464
126277
137757
134387
244629
156108
64367
245634
181700
9378
296792
292766
92546
278694
182659
91228
235414
66603
303037
76537
284766
252703
263292
222023
224918
164873
216840
177416
11164
95241
28277
185393
216787
56426
21051
255581
210700
47182
104930
229928
284871
248157
194757
54025
26415
199662
310757
215132
278424
248987
69255
33786
147147
310584
285605
244808
246200
114864
285427
104233
56586
170256
111615
312729
193488
262278
311951
109228
53283
160862
54831
86857
69733
305323
254613
209928
278794
15067
216224
221145
274367
253690
256020
257626
258983
252926
144565
101816
120566
209463
263790
257824
164820
220076
29712
277146
304444
58281
189959
97224
93957
118278
216850
41006
7217
248313
105305
120361
224727
112826
98180
92959
170907
188911
155085
214302
119001
151948
222789
282599
238469
246687
208079
234385
187882
287452
23400
262135
160656
209229
236160
129312
214306
276364
146529
96729
143707
194171
275145
17192
173754
298663
97156
81759
225299
275039
94935
79392
225858
153195
275119
234056
46452
281671
314138
230013
45778
308297
2391
294901
162925
129875
215224
273519
250257
277135
310427
196299
111935
306538
156302
262602
133816
220863
47278
182828
289374
102276
89900
184218
254912
236701
198195
262752
16497
17254
192190
185742
119754
27135
208391
51826
194851
220287
225583
7894
228298
275530
268503
73347
229072
272932
101357
242318
244003
150939
180743
262217
159938
237490
273315
242390
242062
233825
167567
195900
22975
11354
231376
310207
269821
150098
227668
67996
271829
219502
285776
263396
309432
239225
237810
173035
299137
141190
244564
232334
212462
207215
186887
294127
61555
296816
77175
174845
294916
274968
254904
304932
32465
280840
234647
414
210432
253156
209594
181472
180936
51169
222624
278129
162289
211716
115423
245675
161964
276726
48701
77179
274820
214497
175382
310767
67061
298827
228690
221773
193533
291398
173697
168246
94886
277757
206799
63042
310035
255328
104129
5551
152435
292962
136115
291585
187236
284792
113464
262741
47786
214444
249429
289519
299476
211830
93893
219627
200465
4167
203876
282096
256288
128237
245082
111051
149913
25684
269677
66269
110796
305436
260382
234612
310282
239863
218004
239339
32018
256882
72452
309545
309693
243762
281922
137381
92390
84386
173578
246325
68611
280302
71979
285590
210145
239442
262761
302957
157288
303082
272530
14332
125911
256459
77873
279753
209209
306178
221125
8665
284692
210441
223201
24815
62593
209337
223602
135869
210598
267782
156956
295222
42603
71118
42416
222698
70972
116286
229289
82648
224606
210472
56685
289660
276508
285097
304069
295115
236889
63323
7708
291974
142400
288641
94855
42490
154402
226057
215994
169974
296898
267070
207757
307163
139790
122451
177799
250156
305612
133536
295289
253027
251234
195134
262383
288614
266474
90170
259034
48941
268236
265163
147283
176198
68975
250240
131410
124722
135995
219682
127235
98972
283454
38460
269649
278063
90526
221589
224371
37414
184493
250334
39324
153036
248106
295229
248488
81089
29237
89098
181431
285815
295205
241890
280867
208401
213019
281803
228979
203580
179547
219985
282042
284004
143222
113724
53096
155382
161613
217166
217519
263865
146384
295882
247301
35806
174132
169762
89238
115246
41227
122019
22838
134524
244854
256442
198578
141919
140670
93394
115170
260020
141845
113409
155759
276520
273506
272710
73406
287534
204062
239990
286504
87507
91130
290454
211429
34432
247852
283991
121281
69650
130173
9307
290566
10229
37133
160440
62682
226586
208120
264022
116611
272286
57878
195380
194327
254714
291234
284829
288431
250777
257366
304943
29817
199000
142196
253811
196002
209096
292915
307851
286464
293609
141618
298775
56912
213599
131120
226635
155400
251387
37434
191486
275132
44190
53252
112092
45106
297202
295748
215449
167268
211514
277800
66802
209188
16043
16600
289327
289410
301210
74750
143042
257279
274650
288657
30151
5309
175878
159463
7258
301192
99004
287677
139995
290613
312921
238648
243911
225977
224677
134250
153933
276879
3557
231367
303274
47859
254808
124969
300774
33476
119305
131231
269712
253729
268615
297109
271705
162641
68101
37323
60097
18679
238841
194270
53935
19550
144519
306747
138274
191603
99726
10379
115952
267418
197873
266628
6444
249210
311634
209611
186401
65658
56538
110226
4372
251141
269610
214292
147979
285831
99674
168367
168498
165019
229275
131792
105388
303611
251534
192717
148053
232270
110241
69524
247864
44827
216359
222884
259416
21551
239114
288620
52542
109867
76009
148833
16744
285963
2229
266711
281638
297907
310949
253213
265010
5170
72818
149321
85200
277969
222591
157646
52904
312098
180162
208360
238861
122192
274078
23924
220852
263260
52731
272600
12017
233260
90658
31734
10557
42708
306033
215728
102034
161165
288791
33507
228069
251092
15141
208847
210587
310419
70167
108038
189311
170436
20264
266238
173171
250669
284408
242782
268987
115547
55015
267023
55152
285260
226609
64093
21234
40508
174562
286500
236233
307815
182974
212163
88646
97345
239612
277188
177110
289795
268944
53152
236202
178716
55819
239235
32318
275846
139181
306223
236762
151837
32135
110188
306357
288626
13828
213426
93677
289496
35048
222202
102476
213411
133993
311939
218470
90747
159776
181884
83024
257814
253439
239994
206652
124024
17005
39291
293102
276039
70720
220529
273882
211646
309824
281384
116168
242032
258228
28688
261528
313114
302061
284949
241847
66113
170820
110415
204557
206890
72764
68499
189069
13779
2505
217187
133290
253750
59520
296013
254310
228292
8366
234165
224966
202454
128647
267653
71263
310092
245899
313709
230727
15272
263422
171991
152368
166972
216020
42351
279888
30643
281623
103343
118718
144440
259660
194992
281828
164386
149493
3129
42928
106627
106148
263255
257932
215973
13590
181595
260350
139293
64904
57145
266222
216380
152628
147023
121973
53409
261104
115632
100269
231298
74082
242966
226959
311322
227825
291996
234457
3636
178772
260458
211384
178894
86700
24975
146904
10058
164712
311371
235940
225614
227800
312640
278438
208204
72227
222087
123620
95591
292491
238542
283560
31210
258869
71582
114087
188378
307468
198495
37516
306069
166467
280673
287436
208431
206108
298119
259626
143727
106438
219219
271150
215714
69482
47291
89879
311151
208632
164204
299707
232691
242002
171721
242232
96536
78862
252413
260633
314048
267859
157481
246526
201343
134312
167547
234188
57529
106255
16677
230347
270078
304757
223758
279815
155261
296609
121418
141356
174346
179423
167912
258093
308885
303418
41258
4689
260844
32482
76148
17713
110042
274932
97587
293197
171102
230309
263714
212633
240111
195731
75928
223890
255679
120908
136450
126731
239398
67113
151266
69786
306314
62484
189844
251925
36383
260616
6986
179987
270093
11742
307758
77899
24030
211285
294217
235858
149037
265954
242177
313544
203498
192568
223708
292640
76874
276176
271334
296557
219958
75432
285541
8728
258947
212404
46300
166365
288255
286356
80977
156514
212896
202124
298814
113854
180195
294566
191207
227978
207131
35674
20750
10666
173914
224270
105574
50381
98726
189190
70051
309532
98414
301372
281339
255655
287662
302581
308000
1078
124563
285127
160633
127628
63211
290203
222975
78491
266789
301245
76066
68251
303628
303544
264034
259618
113898
298280
309214
314098
257759
78983
150782
67634
144933
175170
208705
97572
90603
44026
64292
29893
43912
230265
91863
64849
91405
217179
206774
314237
310690
260829
290593
274538
214364
58358
36625
215882
299876
294965
70302
310020
248975
247917
163323
14633
274115
173858
310930
172730
62814
286345
39498
298072
250598
220408
261272
115699
310355
228944
299336
267546
242484
228684
259251
65001
16633
271391
55864
199259
165449
308240
287842
300986
304775
174791
305943
33029
70785
242272
93320
228963
198924
204226
188820
29176
217407
237287
311296
204408
108584
236675
227788
257404
280482
9613
266775
72132
217720
60727
77446
307635
84087
257262
281861
200280
229134
77359
85731
262973
281587
208751
267035
257423
104196
237375
86600
197294
21119
185918
15985
242421
77533
247396
242819
306534
241604
38645
258474
247406
90481
265057
101810
138567
19346
82482
166893
141204
114732
118863
192246
53812
298765
255597
21951
56783
137327
141860
56945
240653
9009
246124
117038
49802
107099
246548
80496
190944
246777
284907
296937
301035
282438
4750
254248
226700
111311
222801
98064
145537
200392
289086
303261
290535
165513
69850
30522
181928
248518
265417
222307
162058
277357
178840
14716
39108
58564
201914
147823
270423
231944
176572
100937
248208
288601
75290
222614
72767
275380
301161
52186
99164
252144
287181
256567
201198
121901
29504
76445
164277
212962
151619
119666
280564
252661
235476
251494
98468
127072
209425
218611
274142
58630
236845
26515
65328
295771
158371
208140
58108
291105
81966
40861
237504
260436
187774
276371
258933
216686
172935
296978
5066
43068
176803
286778
252186
18132
3097
30983
269165
231417
245048
212942
296889
270696
305476
201153
204931
51985
304958
139150
243872
300491
283717
300455
221642
223893
119356
124261
34248
72857
313915
256114
313073
304742
234230
282807
74968
124796
61486
161280
135518
76745
289159
218178
145745
55216
254482
124318
28565
189503
258076
208220
243670
311462
172329
244800
129719
84786
114191
255307
167257
229158
33154
140651
66480
73808
81706
23575
225952
277731
231002
241037
237701
221830
82039
176725
204108
43134
254474
101748
254505
280761
113561
294986
29356
192228
154911
270966
191829
187034
254661
52966
290907
249673
288233
283464
168664
175077
232431
298707
267874
273433
173508
301432
26366
178226
265045
199415
259037
136212
138527
119084
227422
59673
178637
38493
136777
68699
265080
125286
38539
249586
140504
66001
313103
295709
229154
75753
60345
181259
57313
312308
47044
149621
293262
222637
95187
208407
228757
70222
171605
272278
255222
302339
90905
309818
85809
277902
209860
302450
290599
272714
140736
170650
291592
268923
266511
129152
78009
311351
178327
201498
164519
250894
265677
65424
231243
82173
75533
218215
268364
306026
176994
107158
48467
116372
10320
172308
132619
295526
93622
256084
37938
100302
173632
241839
203639
139347
297781
278556
12404
283082
116712
232392
271165
243780
179248
102846
74434
280449
288115
138094
165401
302564
242650
289629
124874
120999
65282
114012
228187
121075
207453
197557
43470
311245
1637
211496
268769
102472
288470
5770
18996
239201
253265
209083
45633
177855
93764
14000
57416
253109
212955
308092
50047
281761
270580
224623
305826
219244
107417
290889
224192
181442
265254
254871
263406
145086
35303
302876
280487
91322
225153
200106
117952
255890
156782
245254
313237
32960
301462
191731
6201
217997
55493
3955
289403
130550
170134
247428
238854
210479
32625
225215
307761
43399
282725
224898
68180
162813
259093
311487
294101
224468
97972
252254
299097
168427
208842
124645
66384
43298
47096
69249
93463
215216
218477
307296
307717
23250
109399
290243
247621
79133
285718
211702
272234
236754
243273
258525
163506
235467
206020
265574
244242
302414
48276
137413
214566
222645
242439
230515
34847
221560
116835
248699
235462
104509
95859
177231
10989
199883
131636
244820
277980
249693
257795
88500
12880
282578
255756
107916
24843
4540
288241
147881
23338
282515
32348
223684
127313
58484
264284
195768
257111
171830
226030
215255
89219
233594
138733
85317
238103
218588
237579
301361
92717
21812
252023
215299
242183
234124
82416
220260
157171
262324
74895
226892
126026
289614
182513
223542
306519
238796
297650
253636
161982
130825
249934
37751
52659
234883
287401
217682
1386
113540
195755
188468
203089
264347
707
160051
139696
73942
209788
312172
57202
25922
266594
310339
214512
273414
150181
27266
276134
191377
183330
120813
245666
252381
154670
34140
248567
225755
138983
185311
286812
122429
49668
285648
216422
227812
131816
276169
242834
164083
252001
89318
193800
132952
217442
122606
250327
79982
10448
307153
298872
277267
267165
75566
308274
274183
195227
233039
314111
264829
133745
299395
280335
138024
814
296727
215753
83200
36930
40587
309678
52430
290025
250081
211889
10593
243807
237229
81340
286717
179752
166134
281965
73994
110301
204906
304370
307807
262148
268140
215963
191548
258258
233830
217697
8610
298672
299915
117379
15794
216102
259463
173988
294836
230654
234429
3768
86229
295962
36356
71524
179674
106808
140204
208192
120059
9153
12785
255340
26638
310918
124478
216117
310321
188319
11749
75204
136735
270600
313674
221136
233675
201677
313278
147255
273379
239628
123415
216400
137723
224383
183602
48175
218968
214558
188162
295036
136934
300819
110877
271843
259074
215307
148192
210558
262194
216373
144215
258051
140779
289524
297218
252636
16317
87938
207039
171232
234642
256233
174946
210896
96150
241264
178105
278344
230441
22823
61668
252374
220812
134932
74269
225728
208891
79740
307
247536
38346
200974
282507
222480
274050
33705
99108
214359
262559
302090
216443
217731
64260
54557
34770
280769
47626
19413
154157
302624
102679
237517
78337
283912
285822
198120
84679
60130
52243
151360
305318
289744
195194
312484
102112
83378
2617
254868
274376
255427
285015
298458
1451
87412
262390
49263
111425
23822
107965
270415
215176
266367
185481
150174
193118
127770
238789
281277
59438
90921
229945
250604
286826
87620
292820
274989
72578
180100
148255
250390
39040
40702
143489
232062
110650
28353
293943
22473
114583
83117
162259
250069
293536
174421
214331
132374
216354
294622
27549
198901
311017
237388
186218
261603
233853
209842
305787
295992
75986
278534
150235
304858
154434
98096
309780
283331
272091
294073
50493
38388
137600
18216
140975
297918
169027
270681
101576
28119
115033
208790
252390
169160
160551
214034
237961
80020
217744
116424
254702
140440
290191
233645
25271
14461
302691
75098
294617
101694
12553
246333
300713
253240
231054
208106
223918
173361
113221
212123
209677
197727
88696
21708
238133
300681
214805
238802
63953
276348
167475
250399
245712
311119
282585
105494
300447
127940
167121
30318
145097
102163
268695
89452
218802
110122
114414
310230
308337
98626
241042
264153
302014
9138
213794
12846
85015
98908
4914
287134
70493
101044
38782
79648
299172
126634
45533
36714
132414
208862
84325
295385
183271
20151
199997
52596
105320
246088
277209
91708
73549
300862
291986
258013
62000
114380
100724
283032
228905
123867
70080
252654
160960
142344
257638
172537
260592
143313
137576
290824
113357
36760
289065
304060
160741
312585
82893
174233
87355
134185
295106
263889
37549
133458
142516
233300
224751
293020
238188
15496
157877
214095
296629
181222
283348
249752
269265
273365
184255
66351
151744
13534
49304
274924
119820
279162
294060
304153
65833
295075
149425
63392
312334
200700
160100
243834
263441
53360
235399
265858
221856
221540
101688
260001
275648
249608
4574
159109
172350
30063
301449
3842
232906
254771
51114
134543
161725
