36281
12523
35974
39699
28479
32005
25920
8140
12684
37694
17643
10481
16067
8133
3649
9475
17510
39439
5345
14824
20209
17396
9203
20609
10713
26662
15303
38838
24922
4921
17918
8137
39370
40850
26135
22414
2346
19791
1313
6716
5318
5428
39776
32332
12012
34370
19158
1465
31243
28499
6092
7799
9436
10672
9074
3326
831
20778
21244
34664
10614
16780
735
26339
35572
18507
4090
39406
5387
17042
31669
26972
3534
6704
13906
9961
33809
12751
34572
37794
16042
17585
30301
6121
36120
21140
2462
10435
10945
38611
10123
17082
16252
880
7318
21949
13172
2591
12874
6442
31996
2502
9410
15947
34548
27759
22747
11709
32444
28644
19280
18267
29390
0
15325
18042
7870
23277
37762
12964
31265
12515
31179
30675
35071
33664
33356
7134
25386
26113
25761
9510
40729
20375
705
22712
16712
28197
13452
21977
39760
22695
5860
22392
11300
12670
14263
8172
37036
23012
7878
5614
10117
9026
9215
12797
32700
32218
32400
39767
5328
31201
35336
36272
27949
36860
8966
11284
31745
660
24045
33158
31816
497
40595
40276
8469
25513
4603
27051
14574
38861
821
18312
15385
7874
36757
10418
15077
35096
15562
12675
13822
1888
17385
24639
26352
9222
3089
16156
17481
34527
29293
40310
31757
23430
19838
5652
12615
39706
8160
10402
11733
7884
23359
10686
12182
8921
28259
