32417
21977
34444
880
23430
7134
705
675
13452
3326
33179
17647
17585
31243
24295
16156
17042
660
24860
831
821
23960
37342
5345
2456
8192
16077
23359
35096
10614
29698
38615
10418
15077
10484
2462
21644
13056
10123
7874
26135
30675
10945
9436
19791
11733
6173
22712
33158
29390
37794
10004
3089
21949
25891
12751
26352
6121
33823
13172
9222
24639
17510
32332
32700
15303
37036
35071
39169
25386
34370
23112
11268
6096
17481
20304
9961
33356
10117
20609
29246
17396
17918
19303
25513
17385
8137
31996
2034
31757
8798
8160
0
18267
11614
38397
18042
8133
25920
40850
9074
32218
31816
15325
10402
23768
36860
11191
36757
735
28765
39776
11284
12797
12874
16042
4322
36272
21405
28479
27894
37694
6716
10023
40595
8185
34548
26169
27349
37701
37964
10077
16252
7799
1888
21244
22392
27786
38611
24285
23316
34527
10435
33664
18312
13822
40310
5318
19280
497
12523
21140
11300
3505
1465
29884
5614
2597
39767
2436
18855
17643
38476
33809
31564
20209
21093
12964
40729
8966
26246
18151
17082
28644
6092
8988
31151
28197
31629
17023
36120
16067
9410
34138
12012
28987
26113
31265
37762
4603
8172
21128
16712
3649
35974
2591
23277
5652
3404
16724
15947
14824
1925
16780
8469
39699
30301
23511
27759
1313
19054
20778
10686
31669
29013
7318
29293
36281
4549
