33179
9961
14263
39169
39439
17510
29698
735
21140
9074
16156
28499
38397
31179
21244
11191
22414
5387
13822
10402
36757
10418
3326
15325
880
7318
4404
38615
13172
660
5860
16252
24860
6096
1313
7799
38838
10023
7874
3649
15303
1465
34664
12751
20778
22712
13880
1925
28271
31201
15947
40263
37036
497
40729
10686
28987
39373
10713
26135
16067
8798
38861
2346
0
34487
24922
9026
16712
31629
12563
15562
33664
2436
8137
23112
32400
18855
31151
17082
8172
32700
37342
36120
32444
37701
2462
13311
35974
10117
31745
37964
11614
8192
34548
17585
8486
26352
16780
27759
21405
39699
39767
25485
16724
831
11284
18042
12684
28765
8921
40310
23277
28259
8160
38476
22392
35354
7870
12182
3505
27051
5652
17385
22747
28197
38611
5428
6173
35336
40850
3534
16077
39776
29390
2456
32005
9203
31265
821
35071
21093
19280
5318
35572
37794
36281
8199
10484
12874
37694
8966
19158
4549
15385
8133
17647
4322
9510
24639
2591
2034
5328
21128
12964
24285
40276
20304
4603
13906
31243
23511
17023
39406
26662
12523
8469
14824
20609
5932
31996
36272
12515
16965
19791
9222
33158
8988
9215
10123
11709
31669
17396
17918
10435
3404
31564
29013
15077
9436
23359
26339
20375
6704
32218
1888
12670
13452
6121
11733
2597
10614
34527
21977
30675
26972
27949
11268
19054
