26662
13906
7874
17082
26972
25920
37342
29013
10960
26169
20778
19303
8133
23359
23316
5860
13822
34527
38476
10117
5652
21977
17585
9510
32700
31745
18267
24045
26246
705
9961
11191
37794
0
17385
8469
18151
21093
35572
17510
13311
19501
10945
660
15562
28197
22414
27349
12182
31816
39767
23511
4404
24639
8185
34548
27949
8192
39439
11733
23012
2456
10402
5328
8140
33664
37036
22392
7972
40595
34444
29390
31151
22695
7912
39706
16724
1888
12012
8199
32417
34487
34370
33356
11300
18855
8798
2597
18507
675
4322
37964
16067
29698
8137
24285
39373
38397
17481
37694
7318
30675
3404
29246
6092
36281
497
28644
735
29884
39406
13056
10481
831
11284
7870
28987
31669
40276
5345
33809
33158
6096
10713
18042
5428
23277
9410
6704
40310
29293
40729
9222
4603
30301
37762
8966
16965
9475
3505
10123
36757
22747
17023
35336
32005
39760
23112
21128
2502
20609
13172
35974
28765
40263
10023
39699
17042
9436
17647
25386
40850
10614
4921
36860
31564
20375
3326
15325
14824
39370
31757
10077
38611
32400
19158
14571
39776
10484
19838
31243
38615
32444
36272
31179
11614
27051
12797
12684
880
35071
15385
32332
10686
28271
38861
821
33823
17643
39275
12874
31265
3534
16042
8988
7799
34572
2034
1925
11709
20378
12523
2591
25513
19054
4549
16712
8172
3089
