5860
37762
8486
17647
40276
15325
2597
35354
23359
4090
35071
3404
26113
23012
17396
17585
10418
7878
497
2502
39699
31757
8133
19838
19280
16724
7972
32417
9475
735
8966
28644
3649
23960
3326
22695
23112
40850
33179
28259
39373
38476
21128
5345
8192
16042
11284
2436
22392
2462
34370
13880
20778
3505
17023
5428
6704
2034
10686
33158
7134
10435
26972
21405
17510
29293
12675
28197
1465
35096
1313
38611
28499
10945
19158
17481
12874
9203
30301
831
20609
32400
11733
24045
7874
39439
34444
9215
39169
11614
38861
24285
34548
18267
35336
18312
33809
5387
8988
33823
16712
24639
9026
26352
7912
20209
26246
6096
9961
27894
37794
31629
5328
5932
2591
32444
10960
36281
32005
40595
38397
31745
1925
18855
3534
31179
18507
10117
8798
16252
12182
23430
4322
17643
13906
5318
24295
10123
16965
7799
15303
12012
37694
12615
18042
27349
32218
28765
4921
9222
6121
10077
25485
33356
12751
37036
25513
8185
10713
10481
24922
27949
4603
31816
12563
34527
16780
36757
2456
6442
1888
8160
10023
34664
5652
14571
28987
16077
8172
7870
13056
21093
4549
22414
18151
17042
10004
13452
25386
31201
28271
29698
25891
35572
19501
14574
2346
23768
17918
10484
16067
36272
0
8140
23511
34572
31564
14824
12797
31265
15077
31669
21140
14263
4404
21644
40310
39370
26135
